1.514353
1.281397
1.173156
1.083161
1.317221
1.231647
1.44722
1.241895
1.268676
0.9522464
1.114077
1.104531
0.8802834
1.052809
1.283566
1.067707
1.077186
0.937111
0.8585593
1.001908
0.9710258
1.055442
1.248346
1.128672
1.035792
1.420215
1.261239
1.27119
0.9578391
1.184036
1.136785
1.271638
1.199842
1.092829
1.214482
0.7674365
0.7796779
0.8821791
0.9799436
0.948957
0.8235934
0.8907316
0.9264736
0.9349617
1.028789
0.7713501
0.7320433
0.8371825
0.8340252
0.8210567
0.8058654
0.7858255
0.8641486
0.8863636
0.8239107
0.9085008
0.6754089
0.8811081
0.7688028
0.7343636
1.041894
1.094452
1.163473
0.9965508
0.871963
0.6038013
0.6497622
0.5884579
0.7635869
0.9188765
1.013731
1.090154
0.9382754
1.207497
0.8846817
1.167095
1.297014
1.275304
1.466374
1.08669
1.197045
1.14683
1.235154
1.622401
1.4455
1.656951
1.555846
1.462894
1.261518
1.483484
1.426337
1.475304
1.181478
1.22611
1.056798
0.9125638
1.005706
1.092153
0.9389428
0.8227289
1.07324
0.9230188
0.8131601
0.738761
0.8052523
0.5864838
0.7280769
0.7022
0.8030847
0.7799029
0.7475181
0.6757868
0.8502971
0.8297504
0.8498562
0.80407
0.8826057
1.023803
1.078471
1.009217
0.8601449
0.84214
0.9110868
0.726821
0.7525502
0.6143878
0.8162982
0.7566948
0.9427545
1.108791
1.086448
1.178477
0.982893
0.8328617
0.6137277
0.6179434
0.606254
0.6603374
0.7426854
0.6641884
0.6578024
0.6381429
0.7579747
0.946761
0.9717275
0.996907
0.997985
0.9730728
0.9949109
1.066543
1.012575
0.9810614
0.7581786
0.8126313
0.549486
0.5396589
0.6386823
0.6464015
0.8865371
1.046784
0.9231921
0.8902514
0.8828444
1.101633
1.19953
1.275472
1.058065
1.231631
1.127992
1.534007
1.518583
1.414641
1.571583
1.79033
1.491594
1.646837
1.666623
1.562714
1.532238
1.327438
1.265755
1.459007
1.039578
0.7862928
0.8996129
1.072164
1.122755
0.9592057
1.133316
1.04571
1.19352
0.9555305
0.9480591
1.021581
0.7370917
0.9863125
1.112927
1.15304
1.109476
1.078418
1.129468
1.041947
1.261195
1.479821
1.522754
1.475911
1.345732
1.180663
1.07812
1.14129
1.394583
1.109228
1.26147
1.145873
1.28505
1.533005
1.720664
1.598366
1.391247
1.340775
1.080514
1.141489
1.20693
1.308162
1.046523
0.9292794
0.9853339
0.946026
0.9620173
1.104989
1.094588
0.9060834
0.9136045
0.7859591
1.139654
1.00297
1.042812
0.9177691
0.9217479
0.9174155
1.191661
1.062566
1.125293
1.22629
1.500167
1.346835
1.204785
1.256911
1.306691
0.918536
0.8412171
1.005131
1.104498
1.207079
0.9813616
0.8142593
0.6854556
0.8024951
0.6801299
0.8169646
0.8211011
0.7472358
0.6632266
0.6299166
0.7805466
0.7394883
0.8181586
0.8969378
0.8531108
0.6135016
0.7159271
0.6477482
0.6411696
0.5841527
0.5818386
0.6024508
0.619376
0.6754461
0.776011
0.8424722
0.7529114
0.7850277
1.163869
1.185511
0.924445
0.9535706
0.9094838
0.9788496
0.7740042
0.794691
0.7616048
0.8798575
0.6253209
0.7325404
0.6704493
0.676748
0.5950674
0.5629487
0.5492483
0.4557153
0.5295359
0.5128331
0.6095745
0.5410885
0.3779788
0.4315201
0.4483972
0.5235052
0.5989499
0.7823199
0.9552955
0.9820138
0.8908493
1.114193
0.8750482
0.9000418
0.7747036
0.8014577
0.7540918
0.8320982
1.047656
1.116136
1.213193
1.076587
1.071075
0.9111396
1.017004
0.9972704
0.9353492
0.9201124
0.7678492
0.8236479
0.8215216
0.7863894
0.9803966
1.026014
1.05709
1.102739
1.263886
1.230253
1.335793
1.393473
1.245601
1.335946
1.359623
1.219637
1.172851
1.238104
1.314871
1.121571
1.326469
1.233548
1.16112
1.39259
1.29993
1.030099
1.04924
0.9446299
1.174048
0.8288917
0.7628244
0.7032206
0.6151508
0.5998091
0.7025998
0.8168105
0.845653
0.7925654
0.7615858
0.8832318
0.9710642
0.7447614
0.6576479
0.8182145
0.7130703
0.7366899
0.7895066
0.8626108
1.028623
0.9739967
0.7087716
0.6149145
0.6074054
0.7682923
0.9070765
0.8231768
0.9932314
1.041868
0.9235334
0.9734531
0.9646527
0.9321639
0.9491764
0.9205094
0.8664694
0.6965316
0.9791306
1.158581
1.45863
1.430699
1.11731
1.004506
0.9485415
1.129083
0.8938875
0.9114865
0.9447748
0.9396478
0.8738208
0.9173744
0.7684113
0.9558983
1.032116
1.106294
1.350702
1.488072
1.494393
1.444477
1.259767
1.358168
1.507348
1.530443
1.418312
0.9781042
0.9777943
0.8497871
0.8148431
0.6461686
0.6491839
0.7187412
0.8094048
0.8011634
0.7788012
0.7665288
1.070832
0.9551524
0.8787092
1.01484
0.990417
1.045149
0.9149175
0.8288796
1.047573
1.393408
1.199883
1.302667
1.017864
0.8909148
1.00334
1.173917
1.348341
1.223317
0.9141052
0.8514117
0.8152275
0.9704268
1.060859
0.8412595
1.030496
1.222208
1.092154
1.109089
1.31716
1.183107
1.087979
1.164469
1.14774
1.11352
0.9436559
1.068907
0.9710847
0.9913349
1.321304
1.178088
1.005479
1.191167
1.088403
1.365109
1.083495
1.058848
0.8031971
0.6773842
0.7637818
0.6958437
0.6444071
0.6986203
0.8916641
1.022397
1.125533
1.104792
1.208159
1.15025
0.9222282
0.9394201
0.8156277
0.7553658
0.7511115
0.9474779
1.044289
0.9051234
1.013308
1.005134
0.8991415
0.8094096
0.6858909
0.5991222
0.7161829
0.6498725
0.771144
0.6606159
0.5909243
0.5700813
0.4706154
0.6047297
0.5360927
0.5090654
0.4859111
0.3868038
0.514624
0.494634
0.6210212
0.8342645
0.9392065
0.9840653
1.067659
1.120658
1.028831
0.9194833
0.8577556
0.8092981
0.9208981
0.7410699
0.6697631
0.703763
0.7843243
0.6378268
0.8016999
0.8922775
1.099197
0.9414476
0.943843
0.811109
0.8881783
0.9224629
0.7347385
0.8686909
0.8138428
0.7699106
0.7288525
0.7748849
0.7537411
0.6826639
0.7333155
0.6971622
0.5649403
0.812923
0.9595518
0.8417484
0.9484779
1.165982
1.052139
1.112656
1.501921
1.32451
1.340879
1.124832
1.342444
1.124397
1.105452
1.059072
1.236754
1.037883
0.9233148
0.9780494
1.110049
0.9680615
1.022501
1.189872
0.9806149
0.8893376
0.8159772
0.8607714
0.6307446
0.6322535
0.7084954
0.9041211
0.8604915
1.007902
0.8703137
0.8208558
0.7047502
0.6954783
0.6578712
0.8633589
0.8744281
0.7285683
0.7216785
0.7536665
0.7098873
0.6365108
0.6033894
0.7919111
0.9151024
0.6729046
0.7781287
0.7784163
0.7128235
0.7570842
0.9421681
1.257919
1.221739
0.9697796
0.734962
0.7337153
0.8424954
1.137026
1.048005
1.305596
1.400986
1.421117
1.137568
1.165786
1.092477
0.9741032
0.8652919
1.035948
0.7945265
1.019166
0.8411121
0.8481851
0.7453733
0.6521298
0.7180639
0.6429909
0.6250626
0.6887417
0.8699462
0.7846712
0.6780671
0.6475351
0.5379968
0.5536982
0.8115726
0.7160458
0.6854215
0.842725
0.5887741
0.7028851
0.6626509
0.9411432
0.8951259
0.8624357
0.6683325
0.6461303
0.7699149
0.5934721
0.5949624
0.6775364
0.8490333
0.9377619
1.043996
1.004069
1.253287
1.422379
1.792037
1.220243
1.21885
1.491638
1.214296
1.221454
1.275039
1.24963
1.10461
1.091186
1.14993
1.111237
1.000664
0.8841372
1.064204
1.159896
1.17577
1.076253
1.40765
1.671371
1.508397
1.593412
1.776385
1.176
1.194344
1.059551
1.099554
1.42413
1.494058
1.28374
1.12925
1.372407
1.367378
1.2663
1.274601
1.312914
1.209068
0.8788803
0.7098641
0.7767229
0.7813224
0.8332998
0.8508038
0.7868408
0.8592114
1.114561
1.129073
1.005961
0.9402014
0.9808189
0.9697983
0.879912
0.9194107
1.13349
1.171057
0.9275343
0.8274301
0.8860246
1.049967
1.041578
0.8925392
0.9570962
0.8609998
0.8393795
0.641515
0.7593334
0.8217795
0.7867074
0.8353131
1.076955
1.232059
1.145474
0.9099965
0.961752
0.8588197
0.8328404
0.9114204
1.115777
1.053478
1.067731
0.9240171
0.7872364
0.74407
0.5970713
0.5585091
0.5314242
0.4969361
0.4555736
0.5117554
0.5375301
0.5907613
0.6894161
0.6657377
0.9135113
0.8242648
0.6593449
0.6050586
0.6099077
0.6372184
0.7046851
0.7688368
0.8308703
0.8845224
1.08273
1.030404
1.052991
1.15802
1.088531
1.177395
1.067835
0.812643
0.9837048
0.8595754
0.7710496
0.9085653
0.9170919
1.079991
1.403306
1.305949
0.9822466
1.255777
1.23518
1.182129
1.330523
1.23001
0.9496942
0.9564422
0.8731926
0.8034547
0.7072614
0.8866804
0.7543895
0.5313186
0.7285636
0.6006783
0.5252557
0.5591301
0.6738871
0.6762186
0.8476995
0.9780463
1.207168
1.029191
1.278428
1.496893
1.448074
1.408259
1.407785
1.587943
1.568921
1.474819
1.286848
1.131922
1.021282
0.9822467
1.026334
0.9708141
0.8251456
0.7208846
0.6635808
0.6451723
0.7174439
0.7157193
0.7690592
0.8847152
1.011871
1.124628
1.085988
1.058762
1.046633
1.111552
1.427062
1.415981
1.412641
1.265758
1.214395
0.9877272
0.8772561
0.9371831
0.7200987
0.5984449
0.7504129
0.7774572
0.9962209
0.8693754
0.7688781
0.919611
0.7416917
0.8614994
0.954565
1.095618
1.064982
1.078792
1.132464
1.499224
1.339565
1.129339
0.9649638
0.9032883
1.163407
1.216096
1.252994
1.195803
1.065336
0.9983156
0.8495528
0.7896982
1.017014
0.9239247
0.8859782
0.6558028
0.7090145
0.5985927
0.7844096
0.93297
0.8715298
0.7593077
0.8775492
0.7260078
0.8368198
0.7498106
0.6179095
0.5880614
0.7431134
0.6533413
0.6385701
0.5834202
0.549875
0.6679595
0.6573514
0.6095165
0.7124647
0.8133769
0.8068064
0.760908
0.73416
0.6157424
0.853068
0.7889646
0.6668672
0.6987236
0.6988713
0.7659495
0.7992459
0.9462017
1.164959
1.16303
1.381383
0.799654
0.6931967
0.7524967
0.8397444
0.7032545
0.6762306
0.7397995
0.5938651
0.5702346
0.6354796
0.7835135
0.6977901
0.7944432
0.9695267
0.8973598
0.8132965
0.9050361
0.7179753
0.8087851
0.860812
0.8412899
0.729646
0.7815047
0.8782993
0.9056405
1.106957
1.20032
1.150019
1.216394
1.267837
1.371341
0.9396429
1.225516
1.314498
1.663967
1.541647
1.257064
1.217201
1.470626
1.566064
1.291254
1.21001
1.065524
1.164855
1.34059
1.098182
1.053752
0.935938
0.7064066
0.6656161
0.7083632
0.5976664
0.7785578
1.047859
1.055343
0.7072549
0.827149
0.7240355
0.6084343
0.6719992
0.6527884
0.7040449
0.7502126
0.6772175
0.6355465
0.6962588
0.7828279
0.821262
1.081704
1.00973
1.048537
1.259235
1.214943
1.03462
1.088309
0.940709
1.011291
0.8290961
0.7409754
0.7989504
0.7938037
0.7166421
0.7256296
0.8147429
0.8728397
0.739636
0.6072541
0.6581139
0.6434285
0.6045311
0.6007648
0.4953119
0.4865326
0.5785234
0.6289115
0.7416894
0.6444961
0.6102565
0.6205651
0.6237579
0.7076985
0.6806043
1.063874
1.131509
0.9864471
1.005443
1.072412
1.138524
0.8743117
0.7207491
0.5585795
0.6653525
0.6098523
0.9277789
0.8987413
0.7062508
0.7631019
0.7467809
0.7162742
0.8482826
0.9516838
1.077747
