13.82035
17.41134
15.10694
12.30263
12.17971
12.80579
13.55494
13.0965
12.45478
12.98162
13.60246
10.6733
10.66201
11.46532
11.25723
9.663392
9.797544
9.747636
10.12252
10.34961
12.3302
9.144879
10.24927
11.27118
10.494
9.127433
9.292546
9.515371
10.35848
11.305
10.21921
9.263801
8.758787
8.313159
8.316541
8.821347
8.30563
7.547742
7.73705
8.429324
8.960861
8.663477
9.372445
10.45939
10.49793
11.9222
11.67596
12.76613
12.69846
12.20883
11.36134
10.3451
9.561499
9.780087
9.056563
8.865908
10.09694
10.93982
8.790697
8.285955
7.177385
5.833559
6.497554
7.264464
7.713928
7.190366
7.308628
7.82505
9.448002
7.941963
7.966821
6.870667
7.159951
7.846598
6.444432
7.629348
8.752708
8.708003
9.331378
7.949029
7.946283
7.253175
7.223315
7.64113
7.288226
6.992397
8.395782
9.170727
9.106
11.30366
9.554913
8.577533
7.998733
7.985919
7.532925
7.982847
7.62185
9.141068
10.14866
8.866244
7.960014
8.920613
9.36341
10.15604
8.699211
9.380729
10.45439
9.873555
8.368672
9.124124
9.709346
9.638019
11.10389
11.35922
13.23377
13.52565
9.811562
11.01927
11.22646
12.92335
11.61915
10.03006
10.17988
9.878178
9.097523
10.0531
10.99896
9.063564
8.994588
8.116316
8.955473
12.03673
13.39328
10.77758
10.67618
11.51615
10.90409
12.4313
11.18646
10.54001
9.88846
9.279757
10.32899
9.834157
8.64812
9.692192
10.97217
11.63017
11.18649
12.26337
11.98236
10.94094
11.0001
10.19546
10.35339
10.69121
11.56911
12.31928
10.9655
11.65446
12.55856
12.77337
11.06149
10.26843
8.712065
8.280697
8.043978
8.629293
8.976322
9.378465
9.754243
7.982526
8.448366
9.100564
8.455252
9.242304
9.277707
8.38622
8.326117
9.254254
7.981684
8.066923
8.387395
8.902194
8.571417
8.088879
8.19012
7.851176
7.771305
9.355813
9.911446
8.42215
8.53379
9.274342
8.921665
8.207409
7.709478
7.403723
9.339097
12.30082
12.02587
12.25213
13.44866
11.71186
14.68751
14.84641
15.55359
15.88602
17.81146
19.72125
20.17498
16.98925
14.09128
12.93138
13.04687
12.46461
11.124
10.54972
8.433875
8.424218
9.299256
8.533739
8.73068
8.048409
8.138468
8.715038
9.397323
8.529243
7.7754
7.369276
6.555761
8.547688
8.738949
9.072836
9.120531
8.232367
8.428058
8.039766
8.499906
7.732643
9.479529
9.293199
9.093006
9.799084
8.062478
6.845128
7.713473
8.268278
9.820789
9.942083
9.846411
10.5482
8.18908
8.497808
7.69561
6.787887
7.375071
6.447993
6.517107
6.570838
7.738858
8.604008
8.343803
8.834142
9.726603
10.20787
8.811516
9.945718
9.933815
8.756354
8.499321
8.986089
8.102849
8.410275
8.707936
9.43166
8.797597
9.554295
9.924238
9.593045
7.525005
7.78695
7.709847
7.658403
7.393836
8.463403
8.280031
6.930755
7.646557
7.935815
8.711444
9.187897
9.596619
10.48964
10.17465
8.796038
9.274135
8.209655
9.023131
8.792454
10.01441
9.14434
9.648596
10.35949
8.13103
8.040662
9.650925
9.468098
9.957419
10.35323
10.22374
12.22426
12.10388
10.15737
10.30358
10.31157
9.386836
8.872153
10.41121
10.11897
10.8666
9.819837
10.61752
12.60941
11.14647
10.98605
11.05302
10.51916
10.68314
10.17198
8.763801
9.791606
10.1912
10.46716
9.789713
9.573918
8.270029
9.367112
8.245554
8.179366
9.578299
9.308543
8.143659
8.292024
8.0945
8.657847
7.666462
8.065825
8.191506
8.155551
8.073403
8.620906
8.668858
8.239123
9.409581
7.954649
7.063936
7.5357
7.750015
8.137531
7.461618
8.99671
8.480606
7.276278
7.535009
7.89873
8.398961
7.702537
7.499416
6.38209
7.02096
8.734498
9.060712
9.04391
11.83432
11.32294
10.8713
12.08075
11.93101
9.214733
10.78051
9.335284
9.559896
8.881465
10.00142
10.44812
12.39143
10.6515
10.81101
10.98511
11.04259
10.26603
9.594221
12.6014
12.43369
12.57859
11.13035
11.00078
10.43475
11.29472
9.042711
8.80826
9.202168
8.451866
9.314775
9.471707
8.466978
8.717533
7.746335
7.500195
8.173193
8.58897
9.049217
7.542365
8.1618
7.105656
8.753702
7.068894
7.510035
7.52803
9.025196
10.41696
11.7137
10.98846
11.14776
9.305031
7.759251
9.280263
10.29381
11.81252
11.65244
10.81639
9.517382
11.33623
10.15244
8.57029
10.44101
9.651038
10.68047
11.33596
12.51487
13.4911
13.05678
11.45233
10.25782
10.40786
9.828408
10.99355
11.2592
10.45062
9.614563
10.8804
13.83517
13.64669
13.8153
12.3354
10.30518
9.060556
9.819173
9.690013
8.454598
10.56637
9.053999
9.012974
8.791656
9.359355
9.462198
9.561407
8.970075
9.471049
12.07069
10.97603
12.5427
12.33802
10.6681
11.34513
11.73256
9.878864
11.84666
10.32444
9.068573
10.18411
10.3317
11.07
10.58993
10.44246
11.34768
12.9285
13.66346
11.75807
11.00137
10.23068
9.777604
9.549156
7.852058
8.783024
7.948157
8.559308
7.145929
7.444194
7.969537
9.082648
9.966635
11.90257
11.77477
12.09956
9.965142
9.569545
8.4663
8.517603
7.406727
8.30125
9.201632
10.58109
11.36118
8.552591
8.872537
10.50895
10.5236
11.50642
9.757835
10.15219
10.48624
11.10795
10.1369
10.68907
12.27392
12.71082
10.28042
9.722201
9.560652
8.87675
9.234042
10.14919
12.68407
12.4896
12.0457
12.79645
12.52058
13.79252
13.98077
14.34892
13.57245
13.3052
12.97493
10.61286
11.30473
11.46588
11.17396
10.18677
8.793295
9.638545
9.014788
9.417079
11.5133
11.68009
9.812891
10.86595
11.11959
10.57845
10.711
9.525242
9.784887
9.056653
8.446794
9.094439
9.535795
8.967681
8.616256
8.706762
9.021835
8.812749
9.692068
10.74143
10.23663
8.736067
8.943299
8.969787
9.173811
7.834124
6.595331
6.513686
6.23698
6.841108
6.475889
6.837825
8.109898
9.327937
10.17277
7.606862
7.362166
9.475016
8.918092
9.230414
10.30909
9.65615
10.27475
10.70167
11.13259
7.968489
7.834
8.716065
7.990621
8.340718
7.972867
7.949351
7.927429
8.207235
9.650602
10.76056
10.55548
11.11493
10.69956
11.46607
10.87008
10.28574
8.558109
7.9423
7.727886
7.442375
7.420567
7.412039
7.991925
8.414977
8.203427
9.374197
8.390718
7.837908
9.558643
8.66547
8.877823
8.735008
9.269583
7.83673
8.099801
7.506691
7.396073
8.364194
7.533894
7.186101
7.734764
7.803565
7.452722
7.814938
9.163201
10.0963
10.64962
10.88726
10.47905
11.57695
9.619517
8.557763
6.638243
7.08451
8.265346
8.369529
7.673911
9.445404
10.20861
10.15194
9.545047
9.709838
11.1848
10.92088
11.25172
11.18515
10.99274
13.16943
11.36967
9.701966
8.567209
8.95933
8.31327
7.546513
7.78849
7.984012
8.100045
6.758237
7.54337
8.770213
9.76317
10.71243
8.575242
9.302489
8.317622
7.978294
8.64946
8.90468
7.307949
7.893735
8.373517
8.093893
10.15933
10.65263
10.19464
9.742603
10.10727
11.22576
9.109321
9.368069
9.778153
9.283065
9.069579
9.480645
8.424286
9.72259
9.561087
10.46732
10.03715
10.79146
10.70127
10.85449
9.253028
9.402585
9.19109
9.537723
8.888434
9.106582
7.682492
8.484775
9.295905
8.236782
8.263965
8.473396
10.24095
11.20154
11.88101
12.45037
10.50149
10.45443
10.31307
10.66545
10.9619
9.472553
9.70738
10.17776
8.159173
6.983618
7.200925
6.678027
6.141915
6.97293
8.065387
8.698172
7.972762
8.262692
9.22111
9.451594
10.6862
10.16301
11.26565
9.273459
8.164372
9.054699
8.632771
7.623379
7.528704
7.098028
6.490858
7.234895
6.982682
8.254995
9.175532
9.32156
9.024638
8.424983
8.2572
7.444914
6.939675
8.056455
7.122185
8.211736
7.8773
9.179396
10.22202
10.86865
11.24698
9.811087
9.094482
8.842221
8.541887
8.700416
7.884883
7.88798
9.888483
11.16009
11.28001
13.27374
15.21369
16.58763
14.36429
12.35505
12.15683
12.63325
9.010469
10.1723
10.6719
10.46003
10.16556
7.247984
6.765253
6.881
6.484221
8.134753
9.197943
9.578153
10.2506
10.68953
11.76842
11.48201
9.202067
11.0731
10.30626
8.784818
7.995174
8.666852
9.027164
9.031232
8.65152
8.271169
8.299895
8.942198
9.79513
8.774202
8.977359
9.663398
10.15448
11.37057
11.36737
11.64134
10.3804
11.03486
9.845217
10.27807
9.741005
9.082306
11.28735
9.826912
12.26881
9.169331
10.38118
10.04419
9.457447
10.18446
11.21232
11.21001
10.00425
8.96103
9.366055
10.34783
9.153561
10.26645
10.0368
11.51316
10.78722
11.89563
11.88852
11.57804
12.22733
13.55118
12.47036
12.52762
13.09037
12.47936
13.09282
12.395
12.02232
10.4312
11.89161
12.27554
11.84509
11.88796
12.07418
11.48517
9.900975
10.57164
10.86386
10.42389
11.06798
11.50663
11.01172
10.68189
11.36364
14.24563
14.85649
14.52418
14.52703
12.26946
13.46995
10.76831
9.37137
9.008769
9.851907
9.808084
11.07324
9.816067
10.58879
9.142346
7.783634
7.68166
7.643264
7.196097
8.152964
8.586566
8.5791
8.815446
9.569024
8.560173
9.060256
9.315122
8.508331
10.83157
11.37427
10.94066
9.97855
9.902373
11.39234
8.322956
8.519172
8.465883
9.637726
10.13188
9.171448
9.480042
10.42461
9.211679
8.406415
8.724567
10.83166
9.90613
11.70007
11.11574
10.65268
12.28427
14.47939
15.53185
13.75044
13.0893
10.81829
11.8527
12.57271
12.29775
13.81144
16.11856
16.14671
16.01688
13.33679
10.46422
10.70663
8.64884
7.462943
7.013343
7.16538
8.320006
9.126374
9.877254
10.64399
9.518527
7.970429
8.43999
8.304636
10.96429
10.93862
9.338963
7.626608
8.867979
8.971809
10.20234
11.63965
11.42609
10.6925
12.16624
10.28365
9.425177
9.151787
9.178848
10.37089
8.97686
8.151745
8.703532
8.445876
11.17205
11.41058
10.53687
9.076061
10.89916
10.42536
11.87612
11.29759
9.595405
8.941402
9.816876
8.991069
8.650304
8.277241
8.19101
8.87218
9.329637
9.991289
10.18488
9.863041
7.677099
8.191995
7.815788
7.819381
8.359525
8.176378
9.568838
10.63779
10.91124
11.47221
10.39034
11.06298
8.970412
8.463604
8.56734
8.926789
9.417535
9.598079
8.064537
7.623785
8.459111
9.066747
8.836969
10.2626
10.31095
10.98429
11.47758
10.99768
10.04738
8.986321
9.706178
9.914911
10.37947
10.91785
10.00196
8.272811
9.310836
8.951052
9.466172
8.72906
7.435008
9.024657
10.21035
10.74001
9.287333
8.421381
8.919826
10.42461
11.35326
9.590025
10.13699
9.058898
9.015392
8.813347
8.887557
8.291717
7.608574
9.384488
9.055416
9.569378
8.38537
7.888109
7.753169
6.930123
8.040329
7.791515
8.198049
7.52263
7.839213
8.498324
8.59322
9.21745
9.810506
8.992726
9.14248
8.995926
9.601115
10.50637
11.42931
10.15463
8.278562
7.479437
8.274494
8.431783
8.114628
7.676502
8.354382
8.221042
8.887481
7.448605
8.171413
8.449349
9.695624
9.184413
9.177565
8.572239
8.73786
8.423729
8.38114
8.890901
9.356355
8.194643
9.346554
9.601696
10.31068
10.53825
10.94461
8.730347
8.725623
11.09921
12.83097
12.38012
12.89768
13.24485
10.26275
9.659396
9.799118
9.141459
10.4295
10.46305
9.384933
9.473731
8.691854
8.802126
9.849301
9.172615
9.452664
10.03128
9.546682
9.398905
10.62545
10.36704
8.855376
7.918615
8.432093
8.098895
9.466916
11.19235
10.91496
9.281773
9.594481
8.794944
10.44174
10.69495
10.16636
10.01303
10.02868
10.88186
11.24212
11.38609
12.50723
11.10668
10.75978
10.60658
10.00467
9.235199
9.620187
10.50059
9.440958
9.861436
7.578449
7.138869
6.485669
7.013753
7.029183
6.826063
6.678378
7.201922
7.673761
8.289497
12.01549
10.85563
13.71739
12.18008
12.42625
11.18319
11.50631
11.77303
11.70124
10.50403
11.99413
10.77699
10.72133
10.54484
9.663688
9.532907
10.03568
9.87523
9.474204
8.387239
7.948345
8.546488
10.24602
9.887096
10.30813
11.14122
11.00356
10.66856
9.855338
8.679832
8.847482
7.714349
7.399146
7.370227
8.969338
8.811331
10.2765
9.921398
8.697679
9.453967
9.846981
8.07938
9.692282
9.972691
8.37827
8.424764
8.001474
9.318794
9.653224
8.864049
8.834809
8.34383
7.799556
7.982474
8.291205
8.734175
10.36391
11.36743
10.65777
10.53582
9.263208
9.233729
9.400989
9.042445
8.918993
7.723905
8.738458
8.073988
8.850875
8.861466
9.261658
10.58103
11.95256
12.74418
12.62305
12.38805
13.75114
13.47621
12.70947
11.86242
12.16588
11.82527
13.81655
14.51856
13.61144
15.06316
13.75714
13.26586
13.05849
12.38208
13.46119
10.88534
11.73289
11.01701
11.52026
14.40524
17.0089
14.98766
12.27303
13.19874
10.75626
10.66949
11.67819
11.61599
11.07683
9.986989
9.775276
9.747919
9.115369
7.463419
7.096797
9.281319
9.907232
12.77539
12.63988
11.58438
11.07573
12.79936
12.81872
13.8227
12.68841
11.60776
13.78687
10.91022
12.23665
12.42931
12.69069
12.35998
10.55099
9.178751
9.413862
9.228477
10.57443
9.533647
8.298856
8.046899
9.50312
8.866727
8.722798
9.456279
8.896845
8.064562
9.655386
10.35489
11.52012
9.801237
8.714198
8.105525
9.092378
10.20046
9.870167
8.997789
8.836072
9.075003
7.963358
8.548026
8.200384
7.801079
7.676057
8.60673
8.008104
7.122814
7.371517
8.380611
7.896592
8.752146
10.63301
10.7063
10.22154
9.537593
8.854768
9.107866
10.86438
9.921169
9.104789
9.144101
9.10194
10.26932
8.796083
9.683284
9.172938
9.233665
9.730412
10.39977
9.005566
9.149265
8.84814
8.551435
7.782951
10.02964
10.30478
11.20491
10.57471
9.492915
9.661684
8.36127
7.96236
8.540591
8.653614
9.054109
9.482863
10.0325
10.74908
9.247263
10.0735
9.138438
9.657434
9.518355
9.807028
8.858593
10.32025
9.986974
11.06665
11.96638
12.83926
10.17367
9.80631
9.318823
11.05505
11.63783
11.77463
9.869391
10.24415
9.302524
11.00235
9.681436
9.136187
9.192911
8.997988
9.499339
9.277386
9.385664
7.706417
8.077645
7.527386
7.954925
8.751521
11.07045
9.186985
8.50181
10.7123
11.66975
14.23141
13.34467
11.01445
9.065829
7.946075
8.853811
8.571929
9.58159
9.431492
8.246604
9.534716
11.12265
9.405507
7.890663
8.89448
9.59288
9.727092
10.06804
9.003262
10.35733
9.520371
9.085916
9.085417
10.53661
10.20926
9.950683
12.95928
12.98829
11.90147
10.29945
11.68448
10.49431
9.759613
11.9018
11.38868
11.91588
10.97623
10.49631
10.75449
9.826972
10.14002
9.685224
9.045517
8.487956
9.772787
10.27481
9.983224
8.575675
9.262838
9.452716
8.221513
8.35096
9.114941
7.582609
8.070487
8.425633
8.063476
7.721893
7.276039
6.976317
7.658416
7.332358
6.19299
6.832796
6.752111
6.416854
7.227749
8.569784
8.350681
9.116734
9.027613
9.183526
9.614037
9.087262
9.891933
11.18143
11.68913
10.89507
8.841342
8.926358
9.291181
9.59007
10.27537
11.47799
9.602819
8.611594
8.088243
7.612238
6.916076
8.197434
10.04404
10.29342
10.80318
11.34958
10.80066
12.97915
12.87729
13.7335
14.90531
11.61871
11.10834
9.814563
8.452615
8.841131
7.856011
8.828403
10.44298
9.675349
10.36368
10.8991
11.56429
10.83882
9.048727
9.334548
9.149146
8.923227
10.10986
9.539625
9.164414
8.793348
7.725264
6.582002
8.323029
8.230777
8.034719
7.707643
7.563191
6.825934
7.599518
7.460115
6.842228
8.338076
6.553336
6.96162
9.154132
8.200338
8.438184
9.43686
9.945186
9.692136
10.19656
10.27921
12.47617
12.45293
12.31375
11.64197
11.72187
11.78501
8.737738
9.608154
9.58612
11.08977
10.48203
10.14919
10.54993
9.418927
9.383488
9.30307
10.29311
9.78213
11.35622
10.52815
10.04781
10.09025
9.773686
9.329937
9.191989
8.141048
8.270871
10.9172
9.69559
8.937022
9.125369
9.313725
8.946598
8.293472
8.812015
9.353839
11.54896
7.998292
8.258286
9.768464
11.0194
11.88408
11.77528
11.46834
13.12315
13.35388
12.95188
11.57769
11.86887
11.50828
11.32794
10.16349
10.46331
10.31562
10.02577
9.241221
8.363911
8.203166
6.971989
7.466675
7.895023
8.864325
8.350545
9.073708
8.706031
7.722888
8.113024
9.90544
10.59263
11.62321
8.947614
9.105354
9.143938
9.118967
8.784059
9.234572
10.38075
8.346117
8.296817
9.46479
10.00706
9.314603
10.8785
10.41455
9.11344
10.03431
7.71817
6.868793
7.791844
8.609522
8.217281
9.673664
10.04534
9.326609
7.760184
7.575649
7.862091
8.012119
7.81837
7.507649
7.031546
7.093848
7.669511
7.081381
6.75314
6.375759
6.456853
8.283841
8.240756
8.439192
7.577486
6.75058
7.943779
6.896702
7.70532
7.80178
7.355817
8.688617
10.37713
10.77654
12.01796
11.66255
10.32046
11.05338
9.063878
10.42633
9.507259
9.894115
9.349494
9.968712
9.890091
10.31805
11.5815
10.6161
11.38893
11.2449
10.1418
8.252442
7.89427
9.15849
11.74442
11.62337
11.71465
10.16264
11.97752
10.44329
9.678565
9.782677
10.43454
10.7429
9.247069
8.945399
8.813773
8.143675
7.179766
7.61753
9.03742
8.634824
8.748129
9.245493
11.49556
11.1155
10.51398
10.93583
12.15348
11.45805
11.5698
11.42829
11.65908
10.74314
12.12151
10.91497
10.32843
8.796516
9.45318
10.53431
10.38289
9.644389
10.14372
8.658367
9.069184
8.961298
7.869398
8.778703
7.788975
10.4526
11.07144
12.37289
11.58182
10.61338
9.205509
9.075206
9.37876
10.35769
9.026584
7.926449
9.112681
7.091462
7.612117
9.030223
10.41078
8.933061
9.235135
8.600118
9.030672
8.265009
9.433311
8.466267
9.452421
9.687704
9.448227
8.742863
8.7193
6.96602
8.653438
8.395557
8.487842
8.790722
8.311685
8.795025
8.102218
10.22349
11.54395
10.79858
10.0595
11.29227
11.47205
12.47518
10.9774
11.8535
12.15551
12.12562
12.43418
12.51977
12.14414
12.56777
10.44221
9.246145
10.20861
10.54575
9.734308
10.34828
8.792984
8.380459
9.250616
8.846832
9.027331
9.488698
8.826887
9.322384
9.248177
9.112571
9.981741
9.039199
9.587489
8.888822
10.36819
9.44837
9.731348
8.796941
9.395099
8.393384
6.58462
6.496144
8.407201
8.597562
8.154476
7.539182
7.509999
8.113311
7.357082
9.173734
8.874441
7.812604
8.066949
8.577326
8.522718
9.215756
7.284327
8.069928
7.471218
9.154966
8.83995
9.766318
8.649986
8.624036
9.603576
9.084955
9.058173
8.9811
10.29023
11.80034
10.3634
10.56551
8.298934
8.866869
11.0998
9.029724
9.427756
8.872178
8.840508
8.355001
9.518868
11.41452
10.88855
12.48853
10.31924
8.395921
8.279088
7.500996
7.615877
7.783629
7.964682
7.983672
7.806073
8.561704
8.219297
8.539523
8.386903
8.305919
8.821377
9.005822
10.77606
10.6612
9.996549
8.550392
9.175938
10.10666
10.68144
9.94797
10.53583
10.72102
10.46187
10.24991
10.63486
9.398317
8.829862
9.246595
10.33829
9.562751
9.096029
8.694367
9.910503
8.975353
9.267369
8.613759
8.220508
8.351806
8.432622
8.094287
7.452232
8.704833
10.45126
9.296817
8.83328
10.82428
11.44467
11.95756
14.26344
12.81669
10.99273
9.35085
8.783404
8.721418
9.068513
8.912931
9.646221
9.675404
9.909867
10.92914
11.56305
11.86686
12.14436
8.67147
7.656135
7.786646
7.765647
8.562227
8.875762
9.823192
10.38009
10.47605
9.590209
9.833758
9.867525
9.427902
9.19556
8.860682
8.952809
9.933704
9.232817
10.34402
9.100995
11.33589
12.02623
11.43807
10.91888
10.23159
10.17568
11.18345
9.76373
10.13761
10.32164
9.801014
12.38064
11.05134
12.38191
12.28153
12.11892
12.76515
12.00281
12.20819
10.5042
8.524484
8.254878
8.835807
8.238282
8.771577
7.912568
10.23763
10.36474
9.689219
9.544203
9.946591
11.13635
9.374799
9.29977
9.223151
9.085279
7.95596
7.998662
8.596974
7.305094
10.33198
11.01203
12.20244
11.07469
11.31678
12.392
11.38225
9.923439
10.11312
8.53165
8.900627
9.672142
10.06099
9.034382
10.23317
11.14252
10.00583
10.94225
10.37627
12.03175
11.11477
13.18217
15.29661
11.114
11.96709
13.46921
13.2735
13.29123
10.53158
12.04907
12.9866
9.776518
9.385542
9.212687
9.746506
7.627982
9.928545
9.622917
8.330983
9.804526
9.083063
8.889519
8.311311
10.5853
13.24066
11.16942
10.82404
11.61521
12.48887
11.31899
12.45976
10.81791
10.50389
10.3891
9.871548
10.12995
9.590035
12.25502
9.880001
9.379118
10.26122
8.270836
7.433391
6.50778
7.774051
8.260593
10.02645
10.13288
10.38863
10.6238
10.98513
8.903857
9.059597
9.141307
9.183973
8.640165
9.323284
10.26468
9.443191
9.414137
11.01724
11.33583
8.082647
9.921598
9.930503
11.15465
10.18193
8.715591
8.891729
8.926617
8.164329
9.741415
9.834639
8.97795
10.41349
11.05128
9.356082
9.765099
8.473779
9.352574
7.608373
7.446171
7.075869
6.950377
6.7226
7.583349
7.35361
7.94624
7.183045
7.376218
6.9486
8.646092
12.0584
12.18721
10.86167
10.78753
10.34988
10.25644
9.901692
8.206797
8.22496
7.845395
8.303136
8.947597
8.83432
9.728015
9.181979
8.190175
7.277235
6.889699
7.961896
7.064557
7.897924
9.744431
9.463865
8.814032
9.183554
11.82234
10.33127
9.849059
10.11923
8.306449
8.101751
9.040071
9.25631
10.09778
10.50028
12.34159
12.3683
9.743726
10.92423
11.20708
11.41055
10.09762
9.258877
10.23801
8.734795
13.0115
13.49564
12.66369
12.75765
13.22614
13.91066
12.81837
13.22458
13.02531
13.06299
10.79286
12.46238
12.43339
9.561009
9.958647
8.517024
8.769215
8.792124
11.05708
8.954232
8.398999
8.51919
8.43021
11.03971
9.162991
10.02692
10.42262
10.42229
10.5326
10.45935
11.02223
11.79796
10.90721
10.87521
11.24046
11.63479
11.38643
10.68884
10.2183
10.0908
11.22832
11.18567
9.813074
8.22431
7.368219
9.038538
9.742221
10.38046
8.780688
8.995503
8.691045
8.45455
8.50133
7.41979
9.099557
8.941444
10.18553
10.59561
10.78279
10.14034
12.16012
9.970373
9.17848
6.218603
7.062394
6.915658
7.991362
7.96743
8.528671
9.082453
8.807991
8.138738
9.138465
8.09597
9.05112
8.85871
9.87485
9.14505
8.491835
7.109564
8.32356
8.691892
8.608271
8.427256
8.341707
8.598247
11.31887
11.58849
13.63518
12.87909
13.00294
11.23541
9.066858
8.759181
8.204445
7.655877
8.498713
7.915524
8.268531
9.287315
9.459991
8.577587
8.670668
8.26613
7.827845
7.549462
8.538731
8.820405
9.174668
8.005432
7.266363
6.191688
6.4898
7.807546
8.199175
8.243751
8.722978
9.176575
10.47178
9.667865
11.59223
11.54418
11.10804
10.39332
9.769608
8.040145
8.471187
10.04733
9.06519
11.22883
10.21747
10.34089
9.635208
10.41622
10.74136
9.747403
12.82033
12.00986
12.0461
12.96681
11.85864
11.45184
11.51911
12.41808
11.90651
12.64351
12.26171
11.62369
11.79696
10.41612
9.584848
10.21772
12.08031
10.32794
8.77024
9.688321
7.691884
7.801998
8.711928
8.313059
8.922811
9.432751
8.411582
8.199721
7.919972
8.078616
8.467905
9.326301
10.63605
8.974384
9.276409
8.296695
9.404064
9.113081
9.008807
9.720215
8.266358
9.497383
9.086685
8.613171
8.612713
7.798129
9.517361
9.846404
8.191987
8.455178
9.318497
8.049292
7.850848
8.516742
7.904386
8.916481
7.438238
8.569254
9.156554
11.15014
8.887497
8.792226
8.990998
10.55299
11.0609
10.20778
11.94482
10.67071
10.47273
9.73319
9.391824
10.33505
10.38852
8.212921
8.946204
7.769477
7.868182
8.69518
10.80533
11.46887
9.864066
9.900123
10.14751
10.3572
10.19933
9.182492
10.1691
9.035358
9.524611
9.827472
9.158378
9.510445
9.271933
9.302648
8.603739
8.202804
8.169347
7.453893
8.397126
8.71169
7.99124
8.919054
9.579228
11.04961
10.26524
9.99802
10.71507
11.04479
9.740797
10.41056
9.988406
9.873639
9.301703
8.858246
8.629662
10.82677
10.05036
9.435404
11.05339
