0.1214699
0.149356
0.353092
-0.1601611
0.113978
-0.1533236
1.12509
-0.2740199
0.4274308
0.2365385
0.3570208
0.3239221
-0.7058178
0.215973
-0.8756242
-0.1873446
-0.417078
0.1280607
0.2856703
-0.1598616
1.311864
0.3079097
1.227694
-0.1117486
0.09410493
-0.1155704
-0.1790812
0.5253622
0.09788171
-0.2694725
-0.2069308
-0.9067458
0.05037381
-0.5102639
0.05400507
-0.2058893
0.5724613
-0.01675114
-0.1447546
0.008140667
0.2714842
0.8975968
0.01706965
0.6315899
0.1142842
-0.02009732
0.8131965
-0.1892371
-0.3009689
0.4576979
0.2591911
-0.3377052
-0.5031675
0.3442979
0.7426197
-0.5111965
-0.1724557
0.520317
0.941287
0.3006095
-0.1860482
0.2753523
0.0862008
0.2773535
0.3179543
0.9714096
0.7594979
0.4237443
-0.2052564
-0.03652423
-0.07514205
-0.4513273
0.5325525
-0.5337624
0.1852573
0.1538278
0.1352889
0.5666392
0.4387548
-0.1997427
1.200087
-0.3400994
-0.172945
0.1312988
0.09776382
0.8182155
0.6771607
0.2930564
0.6724685
-0.1404703
-0.2076103
0.9797665
0.4859074
0.5799093
-0.4271997
-0.06186015
0.213781
0.2437862
-0.2888519
-0.3169875
-0.1622164
0.2484345
0.2758025
-0.1345701
-0.7323721
-0.7518356
-0.008817311
1.386084
0.2472202
0.2667493
-0.1578459
-0.1768201
-0.3927263
0.3458093
0.2061419
-0.3411791
-0.1478262
0.1483571
0.4973022
0.7671237
0.1421276
0.2495086
-0.1595423
-0.203802
0.000997259
-0.3762137
-0.3030113
0.8387465
0.3150969
-0.1342833
-0.04265996
-0.9284068
-0.1145038
-0.7337364
0.1168725
-0.1329765
-0.1460802
0.211143
0.2621858
0.3399878
0.01988912
0.2664219
-0.8902269
0.5028317
0.4153467
-0.8050864
-0.06014343
0.3955248
0.213821
-0.02272836
-0.02295808
0.09232779
0.4047211
-0.07661233
-0.1258745
0.1011772
0.4635805
0.09188919
1.011435
0.9723763
-0.08351983
-0.396435
0.7144856
0.1208122
0.1410238
0.03073995
-0.2813227
1.19537
0.1891144
-0.004161608
-0.7846865
-0.2259702
0.538398
0.04921434
-0.3923533
0.3378119
-0.06097872
-0.1522546
-0.613938
0.2690576
0.009901352
-0.8917655
-0.2074566
0.8208067
-0.1857473
-0.01622491
-0.3121149
-0.1351676
-0.6377269
-0.09158918
0.1338913
0.5487537
0.7975523
0.3493934
-0.07855137
-0.4268705
-0.1768698
0.01769976
-0.4195859
-0.4465249
-0.1633013
-0.1147163
-0.3735537
-0.7999665
0.5975941
0.1843075
-0.03700377
-0.1984752
0.3990557
0.07059495
-0.1543223
0.5629841
-0.6190145
0.1779873
0.7178801
0.7398767
0.8671341
0.0134786
-0.8773818
-0.2902047
-0.4396917
-0.1294843
-0.3085744
-1.034996
0.4834524
0.4905508
0.1090169
0.4976152
-0.01780094
-0.04269504
0.7575276
0.2813876
-0.1479853
-0.2140757
0.009516939
0.1348816
0.1909001
0.4081532
0.2517007
-0.1465363
-0.1434445
-0.491131
-0.4184648
-0.007651026
0.5681098
-0.07282883
-0.5484394
0.1031061
-0.07785276
0.6743439
0.1228599
0.1897542
0.6178449
-0.9135192
-0.7151175
0.4357341
-0.4144561
0.2681851
-0.4983395
-0.4114661
-0.2079103
-0.4047157
0.2412474
-0.4546184
0.3149414
0.7506318
-0.5014853
0.2582023
-0.04526599
-0.1603915
-0.8703465
0.1641539
-0.5220999
0.1309745
-0.7328346
-0.2629586
0.1851983
0.417148
0.3222112
0.3961163
0.3609599
-0.7050975
-0.8223331
-0.9036529
0.3718612
0.4869741
-0.06224066
0.3974853
0.4902029
0.8311656
0.2855956
-0.6364882
0.1463738
-0.6452262
0.2636684
-0.3881201
-0.2596427
0.4151981
-0.348868
-0.05853608
-0.1853619
0.6834993
-0.102224
0.57257
-0.08913503
0.2551942
-0.1384555
-0.9613035
0.2162645
0.4447681
-0.1251516
0.2703129
0.7861539
0.4965968
0.1223641
-0.5661318
-0.3198481
0.07749259
0.1770234
-0.5551885
-0.1991513
-0.006580664
-0.4358077
-0.1582795
0.3526044
0.9715174
-0.1508586
0.1869191
-0.5462087
0.02621794
-0.02216832
0.07484491
-0.2070155
-0.6054208
0.1340261
-0.07729375
0.1777592
0.03979458
-0.4764389
-0.04531673
-0.577773
0.9916044
-0.2507427
-0.2040415
0.50579
0.2178498
-0.5075402
0.4008184
0.9053261
-0.2245194
0.3218519
0.1841373
0.7876593
0.771154
-0.3840769
0.9095601
-0.6618411
1.202675
0.1514616
-0.1763145
0.5562397
0.1655021
0.009075453
0.5676541
-0.1713885
0.5674731
0.8927953
0.2170461
0.4944266
-0.655451
0.5934907
1.200345
0.3425322
0.7016188
-0.4816885
0.4747072
0.1533993
-0.4859882
-0.0803866
-0.3093798
0.7040577
0.5771156
-0.5492551
0.1712995
-0.1636664
0.5477567
0.1619399
-0.4980831
0.4252765
0.3980606
-0.7745372
-0.03429825
-0.242314
1.027477
-0.6783495
0.5745192
0.8429007
-0.2939013
0.3131538
-0.1140457
0.2414787
0.2699164
0.4754966
0.1529394
-0.346721
-0.005154804
0.04550845
0.2743465
0.04763567
-0.3189147
0.3051958
0.6383686
-0.9187336
0.1395975
0.2950124
-0.04109611
-0.9629356
-0.4464489
-0.2962465
-0.1476824
-0.04396165
0.8949983
-0.5637395
-0.09728133
-0.3848086
0.3728501
0.5857597
0.2185009
-0.277909
0.04514909
-0.2859749
0.6565738
0.02612021
0.5319012
0.6935026
0.5088126
-0.6227887
-0.4847377
0.1328907
-0.4270343
0.1715671
-0.5343469
0.3904244
0.04692545
0.7476614
0.4454547
-0.1547266
1.130396
-0.5434348
0.503807
0.5483501
-0.2192851
-0.465688
-0.1478493
-0.4425061
0.1370231
-0.2857456
0.2243584
-0.5516074
0.4805096
0.3760777
-0.2817012
-0.2973914
-0.7120851
-1.688653
0.04533031
0.02887543
0.5430061
-0.1981958
0.2957559
0.8016267
0.2777813
0.4761683
-0.3600906
-0.6118646
-0.5418368
0.7469646
0.5418229
0.05654689
0.5361054
-0.1433288
0.5155744
0.8984938
0.02617638
-1.439141
-0.2142028
0.4999997
-0.5988485
0.299991
-0.5930879
0.2785741
0.5536566
0.7440653
-0.359106
-0.3160478
0.3537904
-0.1454987
0.2489956
0.3910311
-0.5905214
0.7249587
0.1242007
-0.2483027
0.6878805
0.09974818
0.06750213
0.1372286
-0.005086584
0.3529726
-0.5670091
0.4872629
0.3130556
0.01026284
-0.7528953
-0.1869053
-0.02475096
0.4690645
0.8728064
0.8397166
0.738933
0.756019
0.1947895
-0.02333725
-0.4577125
-0.1615134
0.4587094
-0.1360099
-0.5302978
-0.1130298
0.145717
0.6628194
-0.133732
0.147697
0.2489675
0.08390363
0.5901081
0.2546842
0.2416037
-0.1779706
0.05725482
0.7644098
-0.2167906
0.7408814
-0.1956749
0.3833704
-0.4662752
0.07205606
0.1717944
0.1185035
-0.3812777
0.788578
-0.0372253
0.01711159
0.573872
0.3482805
-0.3863983
0.2792013
-0.9421923
-0.991474
0.1685646
-0.6747168
-0.08188696
-0.3336117
-0.3163197
-0.2667785
0.2582426
-0.2672812
-0.3006038
0.3208941
-0.009068707
-0.215396
-0.3771225
0.6528712
0.1941103
0.4614219
1.30731
0.3190369
0.2245833
0.36369
0.07785718
0.0710633
1.04744
-0.1362917
-0.05925568
-0.02549261
-0.1097258
-0.4787268
-0.2037437
-0.2111775
-0.1605452
0.3907122
-0.6722776
0.1077155
0.4088607
0.172267
0.7355963
-0.2933827
0.3597067
0.08780452
-0.266622
-0.1025476
1.871725
0.09786555
-1.070017
0.7511771
0.3051283
0.6562197
0.6963716
-0.512528
0.423845
0.6159378
0.07023694
-0.08115798
0.4670761
0.2054922
0.4144818
0.1118513
-0.01084271
0.2657635
-0.01876824
0.6113155
-0.3959834
-0.8885996
-0.04991286
0.2021611
0.1744006
-0.5685142
-0.05865905
0.2579639
0.113974
0.9319389
0.255131
0.2451333
1.04159
0.5975343
0.3028695
-0.6266675
0.04972238
-0.09053478
0.1082534
-0.2026566
0.6861775
-0.4111395
0.7251123
-0.3755649
0.7400635
0.405362
0.4346533
0.3211915
0.01108201
-0.1168912
0.05264846
0.1958853
0.4925122
0.6471809
0.3290283
0.1408702
0.1035356
-0.5323141
-0.7816551
0.01553842
-0.03590798
0.002827867
-0.2893738
-0.156147
-0.3239544
-0.1910991
-0.5665664
0.5243213
-0.2175121
-0.07281048
0.08441197
-0.5789966
0.1972819
0.6475947
0.4002418
0.3184277
0.815116
-0.5041979
0.1749533
-0.1765269
0.4366007
0.4814044
0.4012268
-0.3210098
-0.3174403
-0.082965
-0.7271677
-0.1963975
0.873178
-0.1273756
0.3490334
-0.1678891
0.4515433
-0.5204667
-0.3385066
0.001983423
0.4120815
-0.4521618
1.262605
0.004582991
0.3784191
-0.3795683
-0.5573418
-0.4259515
-0.0468526
-0.3040285
-0.09087316
-0.1206572
0.8195503
0.2970996
-0.05578895
-0.4636073
-0.461277
0.08957461
0.08172913
-0.07263404
0.2440649
0.07611916
0.3571324
0.1295922
0.6825099
-0.56353
0.8639972
0.05209965
0.5032424
0.6134755
-0.1585903
0.5135581
0.9699677
0.2532462
0.06638777
0.754907
-0.2832523
-0.3632359
0.0413867
-0.2380444
-0.1366409
1.107241
0.2882486
0.1198469
0.0003323088
0.4209827
-1.091676
0.6438448
0.2062293
-0.1043065
-0.5410002
0.1908724
-0.285068
0.5343722
0.09011424
0.1722424
-0.03614007
0.3121553
0.1711258
0.680985
0.6553112
0.05697152
0.2881535
0.6634649
-0.2708232
-0.252758
0.3451166
0.4792216
-0.1590918
0.0458148
0.7550312
1.029502
0.09919821
-0.4721846
0.0006449252
-0.2313154
-0.6616985
0.05398607
0.622146
-0.01232337
-0.488689
0.111817
-0.9144954
-0.1917417
0.2801717
0.7817472
-0.04180911
-0.5537902
-0.1072633
0.2293942
-0.3191941
-0.2983191
-0.8189981
0.3909756
-0.4066842
-0.05867253
-0.1987797
0.02491123
0.1071685
-0.06826
0.7165487
0.01773262
0.6660169
0.8926997
0.3755529
0.3283122
-0.473115
1.138705
-0.4780307
0.2553168
-0.08103801
1.006921
0.4781149
-0.4255527
-0.001220048
0.4347891
-0.5045996
-0.4549077
0.04691526
-0.5034853
-0.3053536
0.1492387
0.5478333
-0.1029945
-0.5760344
-0.0198466
0.2709732
-0.08577771
0.1392994
0.022532
0.3746378
-0.2683649
0.1925189
-0.02629859
0.2993204
-0.1510916
-0.6531517
0.09504125
-0.1754072
-0.5020001
-0.6341929
0.02125288
-0.2568512
0.4452136
0.1214564
0.2848472
1.032545
-0.876778
0.2282318
0.2692777
-0.4239715
0.06017423
0.1593633
-0.9123836
0.1890352
0.5022481
-0.05668238
0.1945977
-0.3952197
-0.2435035
0.7210204
0.470105
0.5240131
0.5071205
0.3403203
-0.3479595
0.205048
-0.2030825
-0.01197658
0.43941
0.5538925
-0.2835397
0.5490287
-0.6976908
-0.1486741
0.005628532
-0.03948456
-0.2538527
-0.08807252
0.1872813
-0.1909656
-0.2574891
-0.5027526
0.05041719
-0.6846475
0.1418351
-0.0755142
-0.31973
0.2427322
-0.3854036
0.5774857
-0.3580599
0.7156586
0.1458143
-0.5432301
-0.3123912
-0.3883142
-0.007324589
0.2273454
-0.4245201
-0.007935337
-0.5838976
0.3424198
0.5744819
-0.7670244
0.5491014
-0.3690039
-0.2539792
-0.2821126
-0.3317845
0.4401348
0.4051696
0.1740514
-0.1877417
0.2837605
0.3627496
-0.05784369
0.3856066
0.1425459
-0.07398099
-0.5163528
0.4845854
-0.1386868
1.374461
0.5325705
0.6010367
-0.4854603
0.3262482
-0.5503021
0.2823339
-0.0388878
0.3748141
-0.2784005
0.0346558
0.2026892
0.06931619
-0.309731
-0.1437037
0.4414225
0.8557936
-0.2564651
0.4239024
-0.1225711
-0.2040042
0.2807566
1.069919
0.2063972
0.3564952
-0.5036541
0.5849781
-0.344313
0.2767848
-0.0001889664
-0.4582949
0.02606209
0.4199027
-0.3724061
-0.3612933
-0.2968423
0.2579387
1.247396
0.1899998
0.2533794
0.7804377
-0.7692984
-0.1090192
-0.1930195
-0.5365
0.4306137
0.4279941
-0.4419566
0.1398677
0.485387
0.08991393
0.3123556
-0.007581912
0.4805823
-0.3978873
-0.7458922
0.6196549
0.3165102
-0.1755107
-0.4521854
0.3021609
-0.4020857
-0.8605538
-0.1962993
0.3206908
0.4123598
0.5198048
0.2456442
0.1294892
-0.5100457
0.1809601
0.8454698
-0.08841491
0.6313815
-0.6370161
-0.8460891
0.2045696
-1.142092
0.003253531
-0.1105877
-0.2633031
-0.8323192
0.4385405
-0.253605
0.8870702
0.3708756
-0.3114995
0.7281208
0.05177928
0.3289428
0.01321952
0.04642536
-0.7246008
-0.187598
1.120368
0.2912921
-0.3510231
-0.3523579
-0.4640353
-0.4020238
0.4635011
-0.04976399
-0.7280486
-0.4780765
-0.624915
0.6775716
0.4815197
-0.08897722
-0.511548
0.140325
1.241916
0.7582043
0.4970183
