28.64808
25.75506
23.48201
22.87836
18.8746
23.54327
35.93183
35.73768
27.11124
18.16171
19.60531
10.89933
14.82818
14.04929
14.50652
18.80895
12.33501
12.97265
26.33542
24.25422
14.80095
15.78087
12.57504
15.7431
14.88786
12.74738
11.84161
13.59111
13.17607
15.77953
15.04772
14.87547
11.86802
12.68321
12.68087
12.55855
12.08713
11.53392
10.91561
13.59575
13.93182
9.995323
12.67492
12.00959
13.25534
21.83297
18.4776
21.1345
13.60303
17.59041
17.71752
16.35801
11.77097
13.37799
14.93748
10.0918
13.03562
17.77956
13.37785
12.30496
10.08406
11.45835
8.244926
10.39363
10.24242
10.25445
10.95672
12.0263
11.74068
11.40064
13.53537
10.56804
8.679173
9.309784
9.178614
10.67948
11.17003
8.55799
11.82026
13.05539
9.951659
11.0453
11.44495
10.58421
11.20302
12.10674
11.54821
10.90953
14.46226
16.77121
12.23738
11.59523
12.22749
11.55754
10.50201
14.46311
12.02242
16.14186
17.23438
12.28257
13.08379
13.99377
13.98935
13.79323
15.31407
17.32466
15.5451
15.27049
15.84508
13.96733
15.51838
19.6155
20.34387
19.2296
21.27004
18.29295
16.7811
14.59266
18.48682
16.46611
18.26256
13.91905
19.00554
15.97541
13.70855
11.06453
16.84781
17.81881
17.05135
16.71787
15.95346
16.21388
21.37524
19.047
14.9742
20.21482
15.39317
19.19096
25.84488
17.60331
15.50854
16.75343
12.61301
16.05448
14.37156
18.35939
17.56187
21.26309
19.2171
13.71597
16.58057
18.41034
14.42939
12.22345
17.56126
14.57443
18.35838
18.78246
15.00834
21.79239
15.5187
20.16128
18.9276
12.50864
12.12052
13.1227
15.26996
13.65468
11.50488
14.77538
17.23574
10.22641
11.14811
12.10652
12.95703
14.04057
14.67466
13.92314
11.32231
12.10127
12.37871
12.41217
10.61088
12.03322
14.01542
12.43543
11.6615
11.41907
12.30105
13.39234
12.45005
16.23762
13.10193
12.83207
10.91654
10.49009
12.61365
14.42355
17.17328
21.10779
23.87465
20.70919
17.92139
27.23609
20.58499
27.1888
33.75837
29.28831
33.81187
23.14568
32.84065
20.94927
19.71745
18.58542
20.81147
19.0532
14.9631
14.35379
10.08515
13.76695
14.9166
11.323
11.47507
13.57278
11.26257
10.95983
11.56331
9.009411
11.84372
10.31457
12.49405
17.18605
26.55547
15.85992
13.24875
11.31622
9.129149
14.20047
12.0986
8.864302
10.62266
13.99105
16.49212
16.84352
15.85907
12.36135
12.36097
15.11934
21.08797
15.39675
13.28555
14.95371
11.03115
10.57882
9.724164
12.90694
10.99947
10.46145
9.955537
10.91275
10.2361
13.59829
10.14617
13.95816
16.15045
12.04064
15.16331
12.42263
13.81691
16.38595
13.02828
15.74911
11.94825
12.60438
17.56559
11.7352
14.04831
17.61238
16.0593
19.80778
10.54305
12.96958
11.61285
9.288703
10.35681
10.73457
10.6655
8.975529
14.98197
14.22102
16.29169
14.87235
14.64405
17.65423
17.25124
12.94933
11.86329
14.54246
11.70049
12.33062
11.70483
12.3844
11.55062
11.6325
12.14625
11.45274
14.33468
13.09748
13.14736
17.78792
15.57928
15.55937
19.34823
15.18356
15.30675
14.6682
11.22854
8.863489
12.48429
16.30151
12.10458
15.04351
14.2432
18.48948
25.86016
19.09759
21.15436
17.96378
23.96905
17.63604
16.29045
15.57524
23.22558
15.56562
16.61572
16.76629
14.76249
13.35477
10.59561
12.43445
15.3863
13.45229
12.90212
11.29123
11.42679
11.23157
8.856409
10.60103
10.86801
10.67197
10.47061
13.85621
13.28021
12.63359
12.89372
11.7009
12.84036
11.08347
11.17836
13.00832
11.80803
13.16853
10.96149
8.619888
11.31265
13.99984
12.92423
10.26822
11.40876
10.12315
10.52515
11.82862
12.77353
14.3377
13.10621
16.17961
18.60044
16.50862
16.58237
12.90566
16.04344
14.70144
12.92889
14.76178
15.777
15.67568
18.34003
15.97111
13.89517
14.68918
14.28796
14.44739
14.52883
16.17279
23.07471
21.80456
18.84941
20.81352
17.5257
15.98415
16.17037
13.99176
12.22838
14.05043
15.53934
16.52328
10.14346
11.19241
9.239478
9.816525
11.42944
10.90185
11.42834
10.42079
13.43578
10.63747
11.24251
11.22068
9.886052
15.3923
12.85253
17.94843
16.54319
16.72886
17.8006
16.11274
12.17586
19.24149
18.23158
15.50986
16.14648
13.20182
11.17716
13.70065
13.06643
14.39842
16.43134
13.82201
15.14363
15.12457
15.1819
21.10826
20.45946
25.15754
17.44213
16.81692
12.67464
18.23229
23.47783
15.04152
11.86565
12.77162
21.09773
17.64528
17.5876
15.578
15.9312
15.72598
14.82973
13.95375
12.63124
15.52575
14.76234
14.37618
14.45765
13.48109
14.86868
14.7497
17.205
17.2694
16.25526
14.92207
16.34565
19.03817
21.60441
15.95002
16.55204
15.44056
17.77365
15.55154
13.57465
14.0658
15.30882
16.69678
14.73686
14.24397
15.43781
20.40861
26.26565
18.06944
19.01011
16.30555
19.83016
14.25478
12.7558
13.6327
11.81291
12.08143
12.47511
11.2786
9.482008
16.89333
13.94795
13.4262
15.6826
15.30049
12.55106
16.44801
14.15811
12.11119
15.08748
13.03858
10.25696
15.2547
15.33876
12.21432
13.52425
16.08747
12.88667
15.9082
15.67712
13.87486
15.63528
15.94913
16.40535
12.66242
15.88242
20.70071
12.14223
11.60348
12.76094
11.15753
10.26333
13.04989
14.10585
18.82914
22.99197
16.87415
18.71094
23.91506
27.5525
24.44164
21.69298
22.57054
19.17484
19.70198
16.69564
14.57018
15.57191
16.00491
11.98358
12.58021
12.3156
15.89501
12.75782
14.87456
15.02556
21.54646
16.09974
12.69374
14.19834
12.50913
15.57448
15.91575
12.41312
12.0785
16.3297
10.68338
10.01646
10.6141
13.03518
22.00802
13.00327
17.61874
13.75764
11.6975
13.23428
16.91764
14.74107
9.834699
6.88205
10.11828
8.388222
9.397702
10.63061
9.786951
13.6135
14.76654
16.32572
9.884247
9.880233
13.47454
11.81192
14.61643
13.65999
15.17147
12.62949
9.606054
12.87347
15.22711
13.59468
11.59704
12.22265
14.02132
9.29454
11.35487
10.81712
15.47291
13.07833
14.32237
16.77595
16.21569
18.4977
17.02648
15.42414
13.55849
13.03092
11.7842
9.624346
9.20726
10.32502
10.46323
11.42155
12.31534
12.8115
13.17077
10.196
9.630791
16.01495
12.17431
13.75236
11.36248
11.99436
11.25509
10.59997
11.05999
12.68531
15.08977
10.05194
11.62335
20.48024
11.94851
10.25877
13.97237
14.43125
13.36428
16.18647
13.69963
17.63456
16.31925
12.79607
8.324733
7.48764
9.435733
13.03068
12.17032
9.318025
10.0522
10.99567
12.37852
14.95822
15.53705
15.36326
17.47862
18.33892
15.16844
16.42518
16.00095
17.44534
15.17588
15.63823
13.64889
12.68728
11.74073
9.836515
12.74873
12.27043
8.866674
16.14849
13.86968
10.97433
16.42095
15.02436
16.62166
10.32691
11.71117
10.59375
11.79635
11.36566
11.04149
11.09131
12.46592
13.21315
15.35743
16.25537
12.63076
13.42932
16.3679
14.64745
12.14823
11.86537
13.19786
17.85734
15.51183
17.68264
16.39386
14.48477
14.50834
14.71168
16.67813
14.96384
15.27535
11.98397
12.9336
14.05927
16.01983
12.22388
15.1134
11.87591
10.79029
12.84474
12.00091
11.69924
13.33973
22.28106
24.08594
17.55159
19.67697
15.07906
9.75018
13.39131
15.22059
13.0797
10.45017
14.10863
14.18206
12.60686
9.463047
9.30729
9.062048
8.946999
10.80821
11.31035
13.38271
12.69776
13.94285
13.77636
11.52152
16.45357
19.65374
16.10859
14.12331
13.71727
11.77936
14.84322
14.01986
13.89703
10.89743
12.99753
13.69863
10.39794
11.53587
12.32929
9.567316
13.90157
15.03127
11.02383
11.17776
12.01297
11.97088
14.86705
13.64137
12.88302
14.62238
15.08642
14.08888
17.29
16.49441
17.65811
14.26924
9.998174
12.78057
10.20836
15.07022
20.36244
16.95534
16.14199
21.57204
19.42118
21.76232
19.67496
19.03325
22.5354
19.7728
14.76098
15.69313
11.86105
10.83558
12.52269
10.27843
14.18536
9.411964
7.917465
12.30075
15.21057
15.38453
18.84911
16.27782
18.79824
17.47493
12.07003
13.48308
15.98879
13.19088
10.98535
14.85093
12.59078
11.74795
16.69709
15.69497
11.92299
11.2137
10.55663
11.08224
12.09796
13.19022
16.82366
14.59054
18.78665
17.68954
13.29503
17.47139
14.10137
16.60276
15.1496
15.29881
18.85085
13.90886
14.73306
14.14271
12.0507
12.03811
17.43567
20.03185
14.85593
15.19402
13.28048
12.87438
16.92498
13.06779
13.58839
13.2204
13.26859
12.86955
17.80937
19.96605
17.95884
14.62374
15.17877
21.07351
19.83535
20.93577
25.05116
16.61438
18.58285
15.67657
20.30366
11.76926
17.23979
17.97575
19.82749
17.02874
21.26942
19.58566
12.80797
17.25554
17.41082
17.78357
13.5489
16.42813
19.81626
17.02889
21.18944
15.18841
23.5376
20.06173
21.70249
19.53192
21.43737
19.01349
15.3264
12.8846
11.98969
17.10803
14.26661
15.65146
14.45744
15.58116
9.808508
8.864301
13.6535
9.919625
13.0604
13.44012
12.34581
13.0441
18.51509
14.51181
12.42857
18.1217
18.40618
16.27314
18.62677
16.30107
11.87736
15.04232
17.23361
17.50806
15.09479
12.77832
19.38025
17.03636
14.06642
13.88839
15.96865
10.91659
12.15058
13.99658
16.46531
16.99955
17.17268
13.09222
14.69925
16.01838
20.15459
22.40482
21.68907
23.73397
16.51998
16.36468
22.35773
21.3699
25.83961
28.16921
21.05104
21.30076
17.36919
16.89382
17.97174
12.00728
11.16716
9.303035
10.68549
10.5998
11.76748
14.48332
14.84925
11.18518
14.64574
15.09426
13.46222
14.49893
14.49694
10.85944
13.81765
12.71059
11.58259
11.8551
15.23298
13.21519
19.25858
18.66728
12.61956
19.48853
15.81021
14.55472
13.95893
15.30512
15.91161
13.54165
10.64671
11.70215
13.96214
11.65281
16.32974
15.91327
14.45007
14.89746
15.22826
12.18214
12.59841
9.903723
10.85144
15.00329
12.08997
11.68036
11.56973
14.3995
12.86124
14.31773
14.8567
12.77515
14.50369
10.06976
10.08358
11.76835
10.12021
14.10808
16.22261
14.366
15.56147
16.04931
13.5873
12.10169
13.56036
11.38869
13.76028
17.62224
18.4725
16.95579
14.5765
11.86028
13.91483
14.98671
17.26095
14.19037
17.66108
16.41976
11.35232
17.83077
15.95243
15.20059
13.41176
13.93122
14.3884
15.81206
14.04863
11.66052
14.80346
16.12918
10.56004
15.9058
15.04485
18.7142
15.0384
12.62658
10.21273
15.67566
19.16061
17.15583
16.58436
17.04735
13.17279
16.51476
16.10049
13.71698
14.02276
14.44164
13.47195
13.57573
13.26746
10.11597
10.11765
12.74119
11.6819
15.40759
9.148736
10.75074
10.74348
9.86546
13.24023
13.236
12.29063
10.11912
14.51033
18.59117
15.94779
13.26786
18.28908
24.20734
17.94058
13.20587
13.65808
15.26316
13.73612
13.56914
10.56604
17.083
14.0054
17.08195
9.735164
13.27365
9.102389
12.06743
13.6378
19.15159
14.54286
13.72602
13.09435
9.919937
11.15852
13.31919
11.35629
10.13328
12.22846
16.89376
22.14757
15.13214
12.93195
12.98922
16.4603
23.0085
19.77135
25.1372
17.00363
15.97639
15.89097
12.84869
12.67597
11.78926
13.92336
13.20335
11.99811
12.73039
13.12081
16.74377
15.25772
10.97901
12.77193
16.70421
20.28569
13.26733
13.23465
13.65935
13.60544
15.32613
14.76834
11.89665
14.4947
12.7116
13.68399
11.77138
12.35932
14.88167
12.13573
13.46107
11.40252
13.84874
18.93459
12.92064
21.38915
18.26621
22.51518
16.90381
17.01282
12.54156
14.84478
10.3747
11.70929
12.75584
12.63587
12.44985
12.81596
8.374772
10.3899
11.64368
10.39414
9.929989
11.38005
11.78253
12.99369
21.53945
17.19386
17.05506
15.0893
15.85648
11.62257
17.20274
25.79414
17.99723
16.25649
20.50883
18.25327
16.85611
14.83508
11.50772
18.06868
13.9006
16.79188
14.10604
10.5032
14.4944
14.9837
12.81659
12.54865
15.70407
14.91671
16.44895
17.13273
17.15197
13.94254
12.14299
10.11657
13.55174
10.29829
12.60877
16.20112
17.50908
16.29351
14.67127
14.74382
15.50029
11.29104
10.86156
11.90654
13.57639
11.96629
11.768
12.72245
11.80311
11.22361
11.61023
15.77436
10.85921
13.9938
13.41858
13.76297
22.41913
16.96512
16.78815
16.44031
19.18299
16.47875
12.58877
11.07846
12.6006
13.18683
12.72272
12.95306
12.12178
18.23041
16.22381
17.29761
23.22523
16.69324
21.18813
19.29028
20.41342
20.44594
18.40139
19.03753
20.25798
19.15854
20.53102
24.45237
23.18322
26.10975
20.74472
20.08071
16.82302
14.53113
20.62684
19.2375
14.39017
20.11932
24.72114
24.8976
26.15569
24.50022
17.14605
15.43825
15.99895
14.61305
20.8473
18.61166
19.96201
16.91911
12.45057
16.25626
10.65023
8.524926
10.59379
14.76831
15.25877
17.32883
15.41054
14.51069
20.289
17.54175
21.55772
19.91976
20.69675
17.76443
22.0772
21.33113
17.22035
14.87647
15.75064
16.54192
13.53347
15.91966
16.22969
15.07135
14.3258
11.29627
13.56429
14.93183
12.51385
13.20867
12.71509
15.74
17.83392
12.51222
11.30816
13.57265
16.95568
16.4835
16.06005
15.33911
13.42617
14.66947
13.60526
13.35788
11.04783
10.39405
10.46757
10.82616
12.1908
12.58747
10.16195
10.18937
9.757532
9.920253
13.41541
11.74684
11.2565
12.5785
15.22086
15.77507
14.1615
12.95754
16.20606
14.44967
12.16697
11.77716
15.60802
11.5639
12.71152
14.06597
14.3193
14.3348
10.59842
12.05493
14.1037
15.06033
16.63428
11.87434
15.59004
14.9026
12.7636
15.59662
14.94006
13.10979
16.63231
14.40149
12.6892
10.59204
12.85863
10.6329
13.47636
11.48314
11.99867
13.82598
19.39287
17.18724
21.12658
17.97913
17.09464
12.84628
9.657263
13.91609
18.09449
16.96284
18.63339
19.15459
18.74707
16.29248
14.10247
14.2339
19.44288
19.35284
15.61386
13.14215
13.29358
13.85505
14.03061
15.28105
16.50346
10.96362
13.13369
14.38886
13.00481
11.12105
12.88744
12.61253
14.30132
13.88388
13.1361
12.08927
12.69873
15.25884
16.97424
21.99181
21.77853
17.81465
17.166
17.20169
12.9664
9.139987
13.24766
12.47214
15.72541
11.71056
15.3156
12.98041
11.25106
13.3179
15.4179
10.81137
14.508
17.6774
13.65722
14.78227
14.86333
14.59908
15.52707
12.10709
14.32976
12.75786
14.14125
22.91349
14.95648
16.56788
18.76799
20.98211
19.13571
20.95958
15.34021
17.6066
17.06364
18.78527
15.17794
16.47094
14.73899
13.32918
11.01741
14.28226
13.83379
15.20063
13.35858
10.45435
14.30394
9.39552
11.85363
12.66397
14.27818
11.64996
10.9553
8.89565
10.55587
12.36992
11.04491
10.77222
10.30452
8.255526
7.738291
8.343751
9.342302
11.45392
9.899221
11.36893
13.3294
13.05166
13.77225
12.40854
14.38779
14.62986
14.00894
16.40789
14.51281
15.72786
13.35195
13.29964
13.12762
14.24926
12.21898
15.91796
15.12241
11.92054
9.586527
12.2993
11.32685
12.04221
17.71185
18.79734
21.58568
23.48474
16.84873
21.00789
24.01346
21.20287
20.89311
20.35982
17.40136
12.84601
14.59919
10.17254
8.975925
13.186
12.59182
16.75638
14.67359
15.72258
17.04318
16.03877
16.6066
17.63875
11.83617
11.0051
13.33726
14.90579
12.16116
9.506489
11.30907
8.780667
14.22831
12.62186
11.10892
14.45644
11.57581
8.898593
10.13201
9.337964
11.52461
10.10887
11.80277
10.54929
11.32272
11.68691
14.16715
13.84316
15.22619
14.23083
15.87881
16.74568
19.65041
23.95755
14.64848
14.58196
16.37442
13.31261
15.81971
15.30443
13.59101
16.81317
14.2597
13.01406
12.36019
9.840589
15.51413
11.84982
14.56271
15.02254
16.04981
17.58165
17.25297
14.44363
13.99122
15.96125
11.97171
14.54931
13.28585
13.80934
16.67985
13.05513
14.33979
12.41629
14.99634
10.4279
15.05255
15.59774
14.34658
14.32975
21.8162
15.57856
20.43713
15.81321
23.51408
14.01718
27.54882
24.01634
23.27453
18.55469
21.25606
20.14817
18.64392
16.74419
12.07684
16.49317
16.19638
13.1255
15.37488
11.77467
12.70101
13.42122
12.56501
11.28485
11.85347
14.13342
13.0477
13.51123
14.3787
15.57499
13.8836
15.38541
14.21167
12.62706
14.83168
12.27801
13.12908
13.77201
14.51938
12.16041
10.33504
15.84177
15.96011
13.53276
18.27933
16.49892
15.37997
14.88282
12.84151
11.12177
11.88224
11.86329
12.33306
12.31836
13.23562
13.21061
15.36874
9.992902
11.62286
11.54528
9.081636
11.52871
11.20558
11.36901
11.97427
12.23981
8.078793
7.547453
9.615315
11.38462
10.72952
10.96861
11.16528
12.57034
12.07129
11.49389
9.470067
12.16254
12.66989
15.84306
13.09553
20.03317
20.66103
22.1378
14.8169
15.69723
14.27855
16.45632
16.46512
12.16629
16.28362
17.57622
14.98341
20.6013
18.22295
16.63261
12.41594
16.33772
13.1017
14.4328
10.91734
10.39824
16.72312
17.26345
21.19701
15.58829
20.56933
16.22794
15.74946
15.09468
14.3648
13.19863
12.27121
14.56365
12.01381
11.85812
13.96282
14.29382
16.36327
12.38336
11.72439
13.70066
22.8448
23.35493
17.1581
14.02777
18.78565
19.66778
17.33959
14.07295
11.51206
13.29893
21.2787
16.81508
11.99116
12.12648
13.25413
14.46108
14.30221
12.83567
13.76566
16.5566
15.11638
11.75312
13.68334
10.8941
10.60066
14.50925
19.72753
19.63094
16.78966
14.32721
12.28542
14.01279
14.66008
15.10567
12.395
10.8204
13.07748
11.37382
8.916902
9.685689
12.25071
11.47589
13.32598
14.17123
12.25007
12.43766
12.83947
13.78156
12.87385
12.56744
14.49922
10.31449
14.05315
12.7436
9.277322
11.13746
13.51296
17.21103
22.10608
19.82346
19.63826
21.96645
18.09211
17.98896
15.14619
18.17388
20.26624
18.62278
20.81234
22.98521
18.95849
20.97384
18.73193
18.19646
21.0444
15.49092
15.49932
13.63021
15.64025
19.89442
17.87755
16.94698
21.38882
14.74349
13.55086
15.4924
17.87208
15.71505
11.93119
15.3839
15.62688
14.74333
13.28971
12.64841
14.27752
10.76388
11.2481
15.29848
14.06441
9.777839
13.3093
10.47531
10.07431
11.47474
11.33071
10.57885
10.551
11.48744
13.20898
12.86501
8.945096
11.22254
11.30882
11.76695
13.05291
11.0147
13.71618
12.47099
10.267
12.25631
11.8614
16.03189
18.4455
17.08638
9.926476
11.63183
14.04162
10.67115
10.61622
11.72058
12.8382
15.70801
14.92182
11.68575
16.4932
14.16481
15.38388
10.21729
12.35806
16.02192
14.2987
8.593842
18.65247
25.67562
18.44417
21.34555
19.38122
11.9597
12.0414
10.9153
10.03226
10.23282
10.89977
10.82108
12.27043
14.31578
10.96742
10.98483
14.38732
16.48414
13.96133
14.54384
17.16909
13.16479
15.91451
15.37341
12.62275
14.49934
17.93816
17.87948
18.03081
17.54594
16.83697
11.77624
14.15504
12.44888
12.47341
14.67304
18.60231
15.92772
12.26926
14.55083
13.51409
14.2892
15.96158
12.32362
13.4519
12.05031
11.51489
12.62019
13.3476
15.16158
16.69441
15.18116
14.15594
21.99618
21.0141
21.56516
20.45033
21.49643
17.53392
11.68393
10.51242
13.52204
14.30704
11.76538
12.72001
12.12465
15.02959
13.54273
16.79511
17.41692
17.14649
17.09683
11.08974
12.57881
12.36848
11.7091
15.21584
16.25701
16.32112
13.84443
14.95082
14.36433
14.09295
12.48806
15.52111
12.49648
15.5003
13.18432
11.39902
10.78814
15.10066
19.82966
13.74477
14.99226
17.43826
15.64684
16.891
19.81971
19.1348
20.35412
15.83385
16.63348
22.57733
19.36341
16.11783
20.16021
14.94421
24.14342
19.76043
19.10362
12.77085
11.29405
13.28788
10.7247
10.53739
12.03381
12.7241
16.61381
15.33062
16.4227
14.27272
20.70429
14.43253
13.06405
14.99915
13.04781
12.40901
9.9644
10.07791
12.12544
11.98579
15.16287
14.12698
13.61575
14.91151
13.72914
16.05988
13.23454
16.7432
12.83476
13.65734
12.50238
11.64786
13.16113
15.26246
13.16865
19.139
14.33697
20.33388
22.07141
23.32981
15.04279
16.45448
19.88775
16.22219
14.2809
15.23353
22.95388
20.37289
15.67001
18.47263
23.10847
15.75725
15.09206
11.7821
12.20161
16.05778
14.84226
17.0142
10.01394
11.39832
16.78944
12.56705
10.92143
18.54746
20.069
19.82451
17.51217
15.41146
23.84819
21.2838
22.30972
16.20631
14.55678
14.54696
16.03627
13.48076
15.55477
16.41015
12.68309
13.10739
13.04108
9.967509
10.56867
10.65679
12.64157
17.39208
18.08714
20.6261
17.30155
16.30186
20.53013
15.00162
11.76857
13.46675
16.57744
14.25976
17.48589
18.13406
17.58018
13.45804
15.71056
16.15763
12.83191
12.22327
16.22968
17.62677
14.66381
10.31159
11.65795
12.00738
12.17239
14.84532
19.3206
16.67899
15.18866
16.86919
14.19503
15.26829
12.69346
13.643
11.16583
10.68929
9.07746
10.10376
11.87183
13.91316
13.6753
14.48803
12.06096
9.746783
9.003189
13.87073
20.3724
21.20548
13.7876
15.16137
13.02174
10.68933
14.17744
13.17061
13.72287
11.93959
10.42377
13.30468
20.20776
25.12895
17.08525
13.5243
8.997462
10.49569
11.74823
8.414915
15.28817
10.71103
13.06786
12.88156
15.64942
17.79039
13.54766
13.83876
16.15647
13.41452
10.61078
12.93881
17.27948
15.38787
13.24446
15.48434
19.07192
17.38242
16.06655
20.30429
18.98975
16.76334
13.5543
13.53088
15.20675
16.79358
21.76284
20.09959
16.30005
23.31452
16.66428
19.29929
17.89974
22.04787
20.55354
15.96468
15.5407
19.33324
13.61764
11.9761
10.70463
12.3786
12.84602
15.91926
11.64972
12.71869
18.21637
20.82401
12.73533
17.04087
17.60119
15.29703
16.25115
15.44628
17.14312
19.95851
14.41448
13.59565
14.02979
15.63894
19.69035
20.91721
14.07199
16.02196
15.58517
15.00132
17.81883
15.63702
15.46229
15.39107
15.31525
16.45568
15.2774
13.11388
11.53434
13.43448
10.3576
13.05245
10.71015
9.505578
14.36754
13.94974
15.6584
15.41127
13.52361
17.63106
14.51307
12.87853
9.392869
9.580916
9.301394
12.58373
10.81887
16.57522
13.38007
9.563772
13.72195
13.24531
23.24959
12.97003
14.65851
14.72646
13.0774
10.96952
10.78629
13.10026
10.96316
13.87258
11.8219
12.50602
11.09056
14.74669
19.55154
15.68362
17.98104
14.2368
15.16236
15.44875
14.16447
13.80441
14.99331
11.06292
10.10662
13.24552
11.98209
13.96302
11.95412
11.96996
10.7248
10.38577
12.99849
12.41876
11.01775
9.791721
8.918118
8.215804
7.451514
8.363936
9.154564
11.92561
12.13046
14.93088
11.86525
12.63533
14.09204
12.48855
17.81633
15.33291
18.26258
13.06528
10.89529
13.24766
12.47987
12.51343
17.43303
15.31945
11.62933
13.44398
16.3865
11.90916
16.49688
22.67245
22.42458
16.20567
19.54212
19.18894
20.39844
14.78643
17.28301
21.86342
20.17974
17.04828
16.02799
15.13646
15.39535
16.2253
21.67099
14.33835
19.54829
15.04263
12.84858
8.806773
10.49665
9.718785
10.64472
9.932481
13.61352
14.90436
13.1097
13.31766
11.90409
9.940506
10.34688
12.93117
15.9016
13.61883
11.36914
14.65072
13.79741
11.93951
12.50808
10.2917
15.48236
13.93862
12.03251
14.69928
9.491877
10.76266
14.40769
12.19497
13.01581
11.4991
12.14482
10.6447
9.109554
12.34602
14.103
11.9729
15.99103
13.08253
14.93038
16.25055
14.24856
12.01657
15.01701
17.62043
12.96078
16.16161
14.92517
13.4482
10.21482
15.10045
12.97188
10.56867
10.90875
10.94366
11.46106
13.62126
14.08721
17.11006
20.24635
14.34775
14.64947
12.4669
12.56497
13.06108
14.16741
13.58001
13.1741
15.21744
14.59772
12.95036
12.53411
12.17507
13.89337
14.2303
10.49887
10.27192
12.2088
11.86754
12.96894
13.6357
12.47023
12.60234
16.13837
13.10568
15.12185
19.62131
20.47333
15.37982
12.54276
15.88411
16.11541
16.44137
14.10718
12.38553
17.72376
13.37404
12.8904
13.48585
