0.1371268
0.1426786
0.1509448
0.2084948
0.3006846
0.3527015
0.3738386
0.4217606
0.5468072
0.567218
0.5687976
0.6452851
0.6977934
0.6797309
0.6807243
0.6765112
0.7317936
0.7449327
0.6463546
0.5624289
0.4894681
0.4678401
0.4843739
0.4233243
0.4241608
0.5515263
0.6561412
0.8227674
1.140715
0.9634519
0.931566
0.6317109
0.6583379
0.5761069
0.6628654
0.5628899
0.5125843
0.6901319
0.6084392
0.6729587
0.5865053
0.785559
0.8722775
0.9983596
0.8469729
0.7208837
0.8055576
0.7009319
0.6126577
0.4760037
0.5027211
0.6698359
0.7054313
0.6569934
0.7187803
0.6750019
0.6953334
0.5465029
0.4807197
0.4663978
0.6545363
0.7021555
0.6869092
0.6802555
0.6294904
0.6962773
0.5949669
0.5169458
0.4955627
0.5426343
0.5276888
0.5812422
0.4983579
0.4477361
0.5004633
0.5936456
0.7029087
0.6444512
0.763029
0.6070994
0.6964427
0.7912013
0.7920752
0.6084335
0.6829602
0.6928557
0.7371708
0.5562642
0.5057988
0.5881365
0.6032622
0.742863
0.7435028
0.8726696
1.016702
1.05981
1.04446
0.8869346
0.7129875
0.5527616
0.4390309
0.443103
0.4816846
0.4571992
0.4909879
0.530258
0.498788
0.5148298
0.4058294
0.4266768
0.5849977
0.6589104
0.6891421
0.8920432
0.9595231
0.8671806
0.9201413
0.860052
0.9129732
0.8879346
0.9463608
1.014219
1.061774
1.243263
1.377936
1.154065
1.042393
0.7495306
0.8353631
0.8117106
0.7474311
0.6887799
0.8759916
0.9248338
0.8867981
0.9635965
1.091607
0.9720182
0.9851995
0.9239963
0.8961395
0.8009608
0.7040642
0.6574019
0.6913988
0.6608954
0.6445721
0.55092
0.6032818
0.6391992
0.6689843
0.7084915
0.9390184
0.7191826
0.8170299
0.8128289
1.068097
1.179755
1.062146
0.9775216
0.8987012
0.8495472
0.8517117
0.9204431
1.071932
0.9824549
0.8780935
0.6900271
0.793196
0.7867632
0.8935566
0.9239021
0.6790624
0.7501215
0.8436811
0.7694421
0.8529887
0.7460592
0.845856
0.9923793
0.8983834
0.8705025
0.8401932
0.7455337
0.6732337
0.6265082
0.7464612
0.9220338
0.889922
0.742144
0.8391067
0.8614004
0.8469561
0.8929535
0.9853541
0.8245731
0.6031223
0.8687027
0.8785934
0.9987938
0.8342009
0.5842852
0.5851553
0.725511
0.6532027
0.5170284
0.5412589
0.5543866
0.6593591
0.8227637
0.6351867
0.5699135
0.5934351
0.6476013
0.6371761
0.6412352
0.7540274
0.7224727
0.6452846
0.7767992
0.9443129
0.8712474
1.094649
1.13518
0.9753427
1.190405
1.049936
1.014902
1.053485
0.899297
1.050493
1.158301
0.7616429
0.8157208
0.7738397
0.7644338
0.6639313
0.7776556
0.7498798
0.7449863
0.7233699
0.8224803
0.8693512
0.931242
0.8693133
0.9201242
0.9567017
1.088604
1.01959
0.991058
0.8791133
0.8873655
0.86166
0.8164175
0.9616069
0.8296312
0.9264232
0.964984
0.9838321
1.079494
1.116207
1.145862
1.112461
1.050045
0.8107787
0.6979771
0.6096221
0.755424
0.7570215
0.63359
0.8219849
0.6090138
0.609494
0.634384
0.6373169
0.6416023
0.5591761
0.8255193
0.7694622
0.6669656
0.5690618
0.7067195
0.5798276
0.588437
0.5235519
0.6421583
0.8196476
0.7999644
0.8358231
0.8776707
0.8225357
0.8282459
0.7909861
1.026922
1.088933
1.098576
0.9717735
0.8369344
0.9236648
0.8537619
0.9525916
0.8963781
0.739886
0.656053
0.6120811
0.7368752
0.7896445
0.9085142
0.8709947
0.9492368
0.887079
0.7820241
0.7202609
0.6906344
0.9030094
0.7110314
0.7470435
0.7117908
0.8177839
0.7702883
0.7632067
0.7632013
0.8136123
1.174843
1.042861
1.194499
1.311533
1.183694
1.276835
1.17339
1.308804
1.010891
0.9164591
0.7593876
0.7406422
0.5981736
0.6240868
0.7377924
0.7466563
0.6889832
0.7463467
0.8935831
0.7742626
0.7950102
0.7494421
0.7294036
0.586872
0.6938188
0.6926143
0.8131888
0.9773122
1.075255
0.7591556
0.8634404
0.7650188
0.6495478
0.640928
0.6157502
0.630372
0.6904015
0.6757816
0.6260007
0.6185289
0.6403988
0.5582271
0.449865
0.61723
0.6440423
0.5189148
0.5809436
0.5778134
0.5871532
0.5157371
0.4555733
0.5071147
0.689402
0.6517226
0.6204804
0.6686084
0.6688739
0.5527566
0.514753
0.5728464
0.66958
0.5936888
0.6581744
0.6185344
0.5581775
0.5155338
0.5062775
0.5155106
0.4745972
0.6836021
0.8107892
0.7563791
0.8535508
0.8723047
0.740509
0.6441038
0.5369149
0.65158
0.7305939
0.7511448
0.716025
0.7037968
0.8343945
0.7694426
0.7804085
0.8333955
0.7952348
0.871734
0.8256926
1.053089
1.381422
1.343163
1.351668
1.103808
1.080964
1.033036
0.9927345
0.8150065
0.7892605
0.7317317
0.7478119
0.691109
0.6652896
0.5917085
0.599733
0.4778321
0.4559173
0.555498
0.5926776
0.7627778
0.8153082
0.8717863
0.6356794
0.7150137
0.65087
0.6647252
0.5949319
0.5746296
0.7251895
0.683733
0.8820292
1.031363
0.8913331
0.834797
0.9386197
0.8687885
0.8988514
0.7566316
0.7630597
0.8590334
0.8009985
0.8886021
0.9343546
0.6692964
0.7472999
0.6068554
0.6305851
0.7567175
0.6613993
0.7167267
0.878966
0.798717
0.8147988
0.8940214
0.9521246
1.037573
0.9360968
0.8007016
0.9144447
0.8961571
0.8652822
0.9129542
0.662275
0.7604795
0.7634504
0.7934974
0.7441483
0.6094602
0.8470646
0.9637663
0.8738129
0.8278825
0.9103794
1.110322
1.054529
0.9348551
0.9445667
0.7247005
0.7638168
0.7493824
0.6914499
0.7133651
0.6472994
0.679378
0.6962089
0.718553
0.8899516
1.022606
1.062516
1.315842
1.195993
1.093832
1.316673
1.353131
1.153379
0.7960103
0.7715021
0.9238619
1.034384
0.8815411
0.7550686
0.8086221
0.6935423
0.7934039
0.8784511
1.026245
0.8324001
0.7575005
0.9544762
0.8673458
0.8332157
0.8662639
0.8876957
0.8554212
0.7894535
0.8451
0.8583525
0.8421978
0.8161792
0.7981714
0.8499103
0.9584384
1.256015
1.341306
1.219575
1.134061
1.052055
0.9691914
0.9505672
1.02275
1.157512
0.9818646
0.8931491
0.9650032
0.9953651
0.7847902
0.7492199
0.8948063
1.339486
1.282006
1.130181
0.9646979
1.197826
1.049806
1.184077
1.026142
1.028936
0.9500209
0.8284991
0.9880581
0.8685057
0.6762609
0.65565
0.6016561
0.5960518
0.698404
0.6952067
0.4513671
0.5410251
0.4796802
0.5608668
0.5239251
0.5331695
0.4285458
0.5833735
0.6660693
0.8155166
0.9628254
0.9053796
0.8710872
0.8101683
0.7494379
0.7756786
0.962865
0.9984613
0.9570947
0.9709933
0.9721722
0.7943265
0.8317856
0.7499231
0.7487881
0.662203
0.6075036
0.5752562
0.4804904
0.5079402
0.545637
0.5754771
0.4464386
0.6601636
0.6859007
0.5653741
0.4910739
0.4502392
0.5295447
0.4407318
0.4521725
0.4899222
0.3880506
0.3571441
0.4788786
0.5080701
0.5275486
0.42787
0.4084388
0.4146453
0.4929556
0.4929598
0.522792
0.4377192
0.3942098
0.3421675
0.412646
0.5046334
0.5451765
0.6669556
0.642645
0.7232941
0.8533603
0.7483662
0.6282672
0.6235579
0.5961396
0.5689685
0.67831
0.7084727
0.9002591
0.6275769
0.6258135
0.6765857
0.7530177
0.7086568
0.6463297
0.6271122
0.5981867
0.7635208
0.8645519
0.8840683
1.032286
1.198058
1.137636
1.230881
1.138752
1.119016
1.101643
0.9466331
1.055093
1.054657
1.206207
1.096478
1.282561
1.274246
1.459728
1.465314
1.249266
1.314317
1.259315
1.104615
1.018951
1.017984
1.14502
1.008753
0.9229442
1.26671
1.117818
1.040453
0.8635843
0.8365165
0.7312443
0.9600519
1.030423
0.9967795
1.131787
1.006484
1.335613
1.314499
1.615957
1.620182
1.548998
1.18509
1.104068
1.096684
0.9198437
0.9268331
1.062682
0.9620839
0.8644544
0.9823818
0.8938712
0.802593
0.7658094
0.8298685
0.7928956
0.9565821
0.8525152
0.9971497
0.854737
1.014171
1.043829
1.194667
1.399998
1.097133
0.9745961
1.147369
0.9478035
1.041963
0.7537454
0.8749642
0.8735679
0.9814698
0.9877704
0.9281953
0.8207063
0.7919861
0.8012527
0.9660049
0.7938487
1.004695
1.212469
1.2024
0.8552873
0.8964981
0.7539496
0.7312224
0.7758201
0.7405771
0.7339536
0.7868734
0.8190845
0.7372484
0.7201382
0.8202908
0.7362748
0.6713518
0.6272151
0.5816018
0.6055722
0.5535674
0.669222
0.7143093
0.7639143
0.738288
0.7584596
0.8001693
0.7890456
0.9535302
0.960856
0.8054019
0.7678215
0.6772017
0.6545566
0.7426477
0.7411971
0.8102883
0.7502675
0.905057
0.9891198
0.8928248
0.8898504
0.9636495
1.025152
1.004576
1.170447
1.298115
1.247917
1.241619
0.9261466
1.055312
1.205548
1.024354
0.9965484
0.8277495
0.7840329
0.6339156
0.7421077
0.7857343
0.6327599
0.5589033
0.6767081
0.6899821
0.7583999
0.6460277
0.693556
0.5189416
0.6112971
0.5570633
0.5439521
0.6045568
0.5721829
0.6119731
0.6045786
0.6559432
0.7902372
0.9102502
0.7184203
0.6814091
0.7629025
0.7765806
0.640653
0.5721141
0.6381194
0.6434121
0.6334983
0.5476638
0.5092607
0.6620936
0.8760114
0.8902426
0.8109776
0.8254037
0.8956058
0.7922961
0.8791799
1.030068
0.8628127
0.7502742
0.8153996
0.8054948
0.8322897
0.8891082
0.9752712
1.074199
1.003108
0.8630956
0.7764774
0.9130819
0.8189941
0.9086756
0.7362639
0.6444377
0.6336408
0.549696
0.6053017
0.7410738
0.7331903
0.8077239
0.6253856
0.5766815
0.7389975
0.6274668
0.6938087
0.7046937
0.824895
0.8096144
0.9754997
0.8004559
1.00776
0.9333019
0.9878382
0.8263381
0.8859362
0.9300808
1.091174
0.9982427
0.8572
1.017047
1.285909
1.296351
1.618322
1.667726
1.370981
1.791075
1.262517
1.057005
1.018637
1.187697
1.115799
1.481478
1.523944
1.398297
1.129072
1.058635
0.866119
0.7374444
0.7485738
0.7808285
0.731694
0.7796393
0.8157599
0.6403965
0.7760517
0.6494316
0.583337
0.5774541
0.6791127
0.5817941
0.5768181
0.8975415
0.8880421
0.6089578
0.7437517
0.7125944
0.8396238
0.8208649
0.9243273
0.9947926
1.07527
1.221976
1.206903
1.140665
1.078986
1.259679
1.281021
1.152594
1.462721
1.403206
1.511083
0.8998148
0.8595997
1.028786
1.051113
1.127158
1.124385
0.9533525
1.011562
1.095098
1.128828
1.280361
1.226537
1.17704
1.02246
1.054979
0.8120449
0.9276067
0.7952573
1.009733
1.264899
0.7724377
0.7039904
0.7014212
0.6393366
0.7287557
0.6198928
0.6864468
0.6378991
0.6135335
0.7539397
0.8814869
0.841478
0.7668546
0.9678515
0.8808736
0.9819299
0.9592421
0.8175205
0.9197172
1.065857
1.200156
0.9852683
0.950742
0.8889854
0.9161649
0.8688441
0.8737694
0.9607427
1.031248
1.150242
1.008496
0.8587962
0.7413335
0.8290203
0.7830362
0.8393424
0.6860872
0.7485784
0.6692247
0.7880422
0.6288546
0.6274439
0.5943674
0.6171019
0.7160136
0.5832299
0.5484736
0.6038729
0.5225656
0.5985043
0.6406303
0.6730361
0.7102802
0.5614841
0.6937061
0.7290606
0.8500509
0.9575461
0.694457
0.6316608
0.6387937
0.6091549
0.5789197
0.6102859
0.6279371
0.582252
0.552914
0.6962023
0.6630547
0.9474298
0.7125683
0.8553746
0.759574
0.8842918
0.6769829
0.5707798
0.6561476
0.6374448
0.6519342
0.734312
0.7009745
0.7343563
0.6117482
0.5120101
0.591341
0.7657414
0.7349807
0.8138912
0.8580745
0.8002008
0.8326587
0.777377
0.6660134
0.7293125
0.7072081
0.641924
0.6587352
0.7248618
0.5891067
0.5739074
0.6409164
0.8174083
0.9537455
0.9358321
1.049346
1.079579
0.9710103
0.9219192
0.9387563
0.9033367
1.067653
1.258943
1.152618
0.9656875
0.832176
0.8719928
0.8215759
0.8013582
0.750266
0.8226657
1.133263
1.059715
1.092184
1.103109
1.040321
0.8967055
0.7752331
0.8329313
0.8761333
0.8824542
0.7228311
0.7814537
0.7828601
0.8891695
1.09677
0.8153699
0.712338
0.7492743
0.7697323
0.7001315
0.8599749
0.8284406
0.7930984
0.9233724
0.595655
0.6148581
0.6934853
0.6696185
0.5307696
0.5569725
0.5451176
0.7479458
0.7601614
0.6673215
0.7840483
0.8000292
0.7338029
0.6950066
0.6161784
0.6057503
0.6715553
0.608704
0.520718
0.6334235
0.6960016
0.7300884
0.7273478
0.7496135
0.5911376
0.6764205
0.6407015
0.4029879
0.500988
0.577032
0.616497
0.7628842
0.7625361
0.6905763
0.7881705
0.7387443
0.7450267
0.8612527
0.783354
0.7080528
0.8953437
0.6539641
0.7326836
0.6604902
0.6230131
0.6569094
0.5502231
0.7441806
1.0097
1.410069
1.518739
1.330899
1.153794
0.9415343
0.991986
0.8939499
1.20711
1.292354
1.170324
1.155062
1.19644
1.375605
1.388861
1.729925
1.451509
1.151269
0.7907584
0.8469385
0.7369243
0.8723937
0.80759
0.82485
0.9309975
0.7937845
0.7515222
0.6495335
0.8523038
0.7155915
0.665816
0.6760778
0.6788244
0.7106548
0.8332414
0.7889042
0.7843901
0.8244888
0.8023623
0.7484873
0.762564
0.8340471
0.793229
0.6624995
0.6575612
0.6362453
0.554591
0.4650393
0.6709063
0.7509431
0.7879759
0.8636526
0.9150585
0.8104845
0.7566762
0.757684
0.6971901
0.7514073
0.8000878
1.003543
1.06476
0.8601738
0.7639023
0.67205
0.7862421
0.8398231
0.8554891
0.7233141
0.8239892
0.7897658
0.809974
0.7037704
0.6919046
0.8897644
0.8080353
0.7078111
0.7752989
0.5926903
0.6973247
0.5442148
0.5034222
0.4862636
0.6450471
0.5057904
0.5402805
0.586854
0.5448073
0.7356094
0.6678955
0.6369312
0.7238271
0.9002395
0.7585161
0.6000451
0.8307929
0.7999586
0.7307515
0.7719385
0.6980281
0.7404261
0.6485143
0.6500311
0.6350754
0.8190394
0.8515954
0.7882709
0.827023
0.9481343
0.9718777
1.099502
1.220247
0.8752764
0.8457668
0.8880762
0.9333242
0.6707654
0.6925186
0.8131083
0.6588328
0.454235
0.4262357
0.4248182
0.5157398
0.6768214
0.677418
0.5834836
0.4988759
0.5203462
0.578563
0.5639833
0.5796733
0.6753159
0.5867752
0.6649633
0.6528724
0.6915817
0.7083132
0.9111702
0.6588495
0.4621335
0.5050249
0.530765
0.6013262
0.6610379
0.5696918
0.5563977
0.6906158
0.7514316
0.8714797
0.7586795
0.6760851
0.666082
0.6841453
0.7663505
0.6921765
0.6140776
0.6873431
0.6433234
0.5701398
0.6716007
0.6460344
0.6056409
0.7304453
0.9427563
0.8533588
1.01571
1.052377
1.15558
1.143634
0.9760663
0.8968853
0.9311053
0.7838298
0.6493972
0.668611
0.6450618
0.7744186
0.7070298
0.6348995
0.7411286
0.7918901
0.8068777
0.6504586
0.7041567
0.7639304
0.9500369
0.932636
0.8911723
0.9091716
0.7842128
0.7511976
0.6999577
0.8612339
0.8564299
0.8589261
0.8440759
0.9259946
0.8780631
0.8458275
0.9063619
0.6432053
0.3910309
0.5298099
0.4773531
0.579019
0.6118258
0.6226867
0.6009071
0.5236632
0.4823051
0.5041745
0.5187185
0.5358022
0.5081821
0.5210145
0.5725493
0.6448072
0.8136506
0.7400031
0.671236
0.4719317
0.516121
0.6370738
0.6863187
0.6215474
0.7022683
0.636404
0.6602988
0.6906334
0.6007413
0.8492437
1.00091
0.9778339
0.8960687
0.7771055
0.6366748
0.6676022
0.8389235
1.015043
0.9386762
1.200799
1.25315
1.229585
0.9965721
0.9842691
1.212019
1.072108
1.166384
1.134584
1.06634
1.049845
0.9406221
0.8737124
0.7545692
0.6696717
0.5871696
0.7197838
0.6465381
0.6291587
0.5553894
0.5185979
0.5664725
0.5625739
0.4639666
0.4762875
0.5859876
0.5028739
0.6318794
0.6759385
0.7531625
0.7182669
0.9138479
0.7337391
0.6414709
0.6498597
0.6177869
0.6823904
0.7524606
0.9477096
0.8338727
0.8830454
0.8640322
0.9401279
0.8336504
0.7022914
0.7837964
0.6890977
0.7644794
1.153563
1.106184
1.129762
1.061673
1.177094
1.216827
0.9638731
1.08364
1.083525
0.7371216
0.8002049
0.8982624
0.7950756
0.8116507
0.8837669
0.8013399
0.9449397
0.8309095
0.7418507
0.7633888
0.7538462
0.8593179
1.035622
0.8092074
0.7229746
0.6699689
0.5823958
0.6173992
0.5988161
0.7050243
0.8124204
0.9009811
0.8702637
0.8995319
0.7426559
0.7276967
0.8935707
0.8692339
0.8818001
1.071997
0.9616142
1.097549
1.097166
0.8459199
0.8247573
0.8009506
0.7070403
0.7677977
0.8927393
0.8546227
0.9948588
0.7042447
0.8747991
1.010154
1.273555
1.36453
1.750098
1.86957
1.34199
1.482996
1.170255
1.269702
1.337744
1.324977
0.9985838
0.924048
0.8197706
0.8235676
0.749295
0.7327181
0.7518916
0.5780279
0.6884227
0.569508
0.5303912
0.6076108
0.6396315
0.7356304
0.7644974
0.7240021
0.7787972
0.9043758
0.9009894
0.8372655
0.6668233
0.584416
0.5756123
0.5405002
0.5394288
0.4392832
0.5491971
0.72631
0.5595259
0.4945878
0.4340069
0.4682958
0.5248529
0.6118497
0.8309928
1.129398
1.188257
0.954795
1.285118
1.221781
1.211732
1.113137
0.9078603
0.8507146
0.9391643
0.8576228
0.9128369
0.8624855
1.028565
0.8480158
0.8671332
1.341082
1.289923
1.077208
0.9856217
0.7563547
0.6950023
0.7472776
0.8442285
0.9405535
0.7731924
1.085786
1.044056
0.7953726
0.7186194
0.7566448
0.5863987
0.7130873
0.6291454
0.7613864
0.591591
0.5314749
0.7063935
0.9789467
0.8117713
0.8659176
0.7850194
0.8731439
0.9230557
0.874788
0.9902523
0.8773155
0.8296605
0.8439882
0.7537165
0.9479435
1.008995
1.07011
1.027421
1.039044
0.7591446
0.6936818
0.6604811
0.6028704
0.7002852
0.9270814
0.7935723
0.8442306
0.6544106
0.5223923
0.7983126
0.5834202
0.5120007
0.4191676
0.4566804
0.4661207
0.5273899
0.731668
0.6253785
0.6831241
0.7838326
0.7336207
0.7225838
0.6570032
0.5842977
0.7030881
0.608272
0.6892276
0.7055158
0.8503231
0.8457148
0.9518611
0.8216162
0.9109858
0.887534
0.7064162
0.6652141
0.6692188
0.6668254
0.6840304
0.6266697
0.4858957
0.6343168
0.4966993
0.7061427
0.8430583
0.8488605
1.000052
1.084626
0.9531033
0.8766294
0.7208122
0.7632133
0.8661113
0.7727575
0.6864753
0.5094537
0.4359651
0.3805886
0.4521218
0.4662845
0.5204423
0.6063051
0.684558
0.728524
0.74741
0.6784229
0.7045671
0.8133023
0.8809376
0.6983885
0.9442534
0.9170192
1.095012
0.7747789
0.5923991
0.6022816
0.6021183
0.54093
0.6053072
0.5722571
0.5727946
0.5789499
0.624632
0.544664
0.6489486
0.6342647
0.5528238
0.6039855
0.7036728
0.7117376
0.8054921
0.7225468
0.7531739
0.8873698
0.7415878
0.6634868
0.5524343
0.6503304
0.6650984
0.5883581
0.6660801
0.6989337
0.5341704
0.5115637
0.509877
0.5511858
0.5585876
0.7437612
0.7357167
0.8480893
0.9004968
0.8887938
1.062859
1.089206
1.119534
1.108604
0.9571873
0.9925607
1.060985
1.235406
1.094332
1.021817
1.031079
0.7736264
0.684435
0.816307
1.082449
1.020853
1.254457
1.141821
0.9450472
0.9550715
0.9865106
0.9897014
0.8686954
0.9019522
0.6760882
0.4612906
0.5985924
0.6074514
0.6617531
0.667977
0.6653008
0.6955504
0.7460617
0.6427882
0.557806
0.6777204
0.7234151
0.7498656
0.7448253
0.8573815
0.7550898
0.8466163
0.9427716
0.8800653
0.8532406
0.7072843
0.6993934
0.7016068
0.8078854
0.6264474
0.6737873
0.5910209
0.7386802
0.6108419
0.701512
0.7064069
0.6811423
0.6167968
0.7729859
0.8936844
0.7949323
0.8443554
0.905293
0.8842193
0.9635361
0.8407516
0.783975
0.6935046
0.6342172
0.6543552
0.7625657
0.8326178
0.8399946
0.9995964
0.8950407
0.7998214
0.6834563
0.8234805
1.088366
0.7804884
0.9216516
0.9256936
0.7772516
0.7210937
0.6288618
0.6278929
0.7116084
0.9070587
0.8830415
0.9297832
0.8815549
0.7216962
0.7350515
0.8056359
0.7594972
0.7512228
0.7616972
0.7514746
0.8579795
0.8865502
0.9117432
0.9783796
0.9975418
0.9061127
1.098039
1.149653
0.9181194
0.9421427
0.8135594
0.8915299
0.7942729
0.955073
0.8856971
0.8833699
1.212915
1.010149
0.876643
0.7879349
0.7731684
0.8041488
0.781328
0.8177138
0.8155814
0.8284069
0.7760584
0.8142819
0.733705
0.7799403
0.8180312
0.8477123
0.8620951
0.8408807
0.8378425
0.875772
0.87076
0.6981764
0.6823761
0.6888905
0.743816
0.6862042
0.7623396
0.7382321
0.7729697
0.67439
0.6217336
0.6139522
0.625937
0.6545416
0.6149034
0.6915955
0.6422647
0.7715579
0.5945128
0.6622658
0.5567739
0.6002602
0.5292068
0.3885044
0.4908972
0.5409187
0.5121334
0.5252949
0.6661528
0.7125229
0.718842
0.6821131
0.8007555
0.7356553
0.8628828
0.7121186
0.6269477
0.6817493
0.8714304
1.138975
1.017049
1.125014
0.9717255
0.9667594
0.7402394
0.8506206
0.6575532
0.6533139
0.7523077
0.5764551
0.5902091
0.6269391
0.613939
0.6892574
0.6333191
0.5526676
0.6078396
0.631701
0.7477034
0.703035
0.837367
0.6480572
0.8243596
0.598386
0.6150622
0.6623347
0.8921243
0.8910124
0.8552583
0.9199532
0.8690139
1.147219
0.9110991
0.80462
0.7914424
0.8144518
0.7044193
0.6915411
0.5546612
0.5962481
0.8028856
0.6603421
0.6555541
0.6567764
0.6446597
0.6314427
0.6125646
0.6274832
0.71433
0.7136853
0.5735998
0.5901982
0.7431474
0.8141971
0.7811612
0.8432507
0.8328805
0.83699
0.6780043
0.7718644
0.6966129
0.7138335
0.6744521
0.7245368
0.6955765
0.5740216
0.5990126
0.6514495
0.6895107
0.7858398
0.970071
0.8923917
1.062862
1.045795
0.9830515
0.8553829
0.9159037
0.9086328
0.9627891
0.7706435
0.5973335
0.516309
0.5276208
0.4729005
0.4789047
0.588373
0.7915137
0.8779361
0.9016019
0.8324
0.9210582
0.8370032
0.839285
0.8947394
0.734522
0.6889948
0.7413224
0.7845542
0.8081302
0.8966705
0.7637427
0.6615234
0.5299456
0.5024648
0.4648934
0.4298195
0.4176944
0.4932847
0.5081587
0.487641
0.6133052
0.6158864
0.5301098
0.6876604
0.7181797
0.7550693
0.6511964
0.7671627
0.8273158
0.5710196
0.6659091
0.7088736
0.595906
0.5200779
0.4432902
0.5240926
0.4772788
0.4414276
0.4320457
0.4998015
0.5977694
0.5995209
0.6055097
0.6099498
0.4824684
0.6002756
0.7029343
0.8948342
0.8491631
0.726041
0.7503665
0.7521515
0.864295
0.7148135
0.9216716
0.7199852
0.6373684
0.5449131
0.5050487
0.4751192
0.5443501
0.4748376
0.5230285
0.5599596
0.5129452
0.5645627
0.6786314
0.7112334
0.5470598
0.5619229
0.6284607
1.011338
1.048678
0.9696997
1.019388
0.9541945
0.9342619
0.8907
0.7159532
0.7624651
0.763437
0.8889511
0.8514015
0.7293218
0.6175917
0.5258225
0.5856422
0.6793554
0.566935
0.6367886
0.6672415
0.589191
0.5865524
0.5581453
0.6018169
0.6602082
0.6355736
0.746363
0.7489224
0.7677164
0.7641733
0.9978425
1.086364
1.338179
1.314534
1.43186
1.160407
1.233527
1.327569
1.238295
1.283712
1.19707
1.256144
1.14182
0.9368316
0.9915201
1.075546
1.156691
1.069638
0.8414691
0.7256026
0.8528318
0.7483342
0.7414188
0.8189276
0.842119
0.7650482
0.6286364
0.8586075
0.8222753
1.053817
0.8396849
1.083432
1.042022
0.7785427
0.828735
0.7398611
0.5850122
0.6205997
0.7720857
0.8462329
1.025244
1.081358
0.8199735
0.9974682
0.9329917
0.9839913
1.005454
0.9548075
0.9738276
0.9474262
1.075515
0.9202288
0.8044025
0.7874738
0.7577955
0.6746084
0.7912138
0.7042709
0.6873365
0.8378199
0.7597333
0.6728525
0.7184464
0.8554686
0.9215553
0.9552892
0.9301033
0.8982907
0.8350488
0.9120028
1.041329
0.961823
0.9185818
1.138701
0.8667725
0.8171618
0.8700015
0.9280087
1.04175
1.013287
1.177636
1.140598
1.035959
1.161048
0.9958872
0.7995235
0.8002562
0.8513313
0.9075845
0.812223
0.8695826
0.6785521
0.6687105
0.7045162
0.6090382
0.5596112
0.680212
0.7432828
0.7336356
0.615783
0.5786259
0.5356582
0.6962179
0.6833928
0.8392548
0.8051583
0.833637
0.7716125
0.6802954
0.7190023
0.9013014
0.865976
0.7880572
0.8403755
0.8082357
0.7380977
0.7929809
0.9638861
0.8146411
0.776123
0.9091929
0.8161299
0.9298717
0.9613272
0.8057221
0.7311437
0.9098919
1.03863
0.8941969
0.9557331
0.9668664
0.9842872
0.9957029
1.134234
1.07278
0.9776249
0.8593471
0.7189995
0.6913924
0.8597582
0.8665764
0.7457203
0.6023399
0.6246522
0.499594
0.4678275
0.3271368
0.3562594
0.42139
0.4966138
0.4634374
0.6169387
0.6960267
0.6075577
0.460553
0.5801641
0.6266859
0.6424315
0.661409
0.5917164
0.6017256
0.5773891
0.6302357
0.5645105
0.600175
0.5646552
0.6788154
0.7331372
0.822877
1.034941
0.8838432
0.7380334
0.7694114
0.7647618
0.8648572
0.8100059
0.7346221
0.8682177
0.9846547
1.163581
1.307422
1.328377
1.356771
1.591829
1.163422
0.9694471
1.000061
0.7203956
0.7104361
0.8078324
0.9476415
1.10129
0.9910309
0.9284037
0.954752
0.9773929
0.9154518
0.8831415
1.001737
0.8220855
0.6963648
0.7948419
0.776887
0.8000043
0.8289286
0.8044105
0.7093009
0.6532681
0.7515681
0.8851751
0.5973071
0.5210758
0.5518753
0.5639619
0.7126748
0.685279
0.6497285
0.7123765
0.7009412
0.6957408
0.8933648
1.018647
0.7109926
0.8457033
0.7416829
0.7809179
0.8532599
0.9637773
1.00026
0.9471992
0.7461702
0.6262302
0.6488566
0.5859399
0.6856742
0.6462133
0.5354944
0.5037475
0.6196221
0.6299065
0.6749901
0.8759075
0.9002381
1.134491
0.9834394
1.120004
1.174052
0.8870957
0.9101728
1.034541
0.9500546
1.017842
0.9040266
0.8709203
0.8048941
0.7492616
0.5893223
0.7311969
0.6897784
0.6690085
0.5240322
0.5327035
0.5188542
0.7312764
0.6146085
0.7002557
0.679556
0.6364381
0.5865525
0.566818
0.5413553
0.694452
0.7649263
0.7805421
0.8110902
0.8960176
0.6677484
0.7163377
0.6773177
0.8079406
0.8201909
0.9122755
0.8303571
0.8125873
0.9814625
0.8345539
0.7689101
0.8288513
1.144568
1.036614
1.128221
0.8662098
0.9282511
0.9518843
0.6688508
0.7259377
0.6717731
0.7129551
0.9262289
1.027709
0.7990015
0.5770755
0.5903949
0.5690658
0.6466448
0.6117293
0.6026589
0.6381684
0.6387267
0.6074712
0.6878701
0.7210312
0.6917222
0.7953847
0.729577
0.7539638
0.7832731
0.7832399
0.814406
0.8675295
1.068168
1.101901
1.089243
1.032761
0.9129893
0.8045513
0.8983949
0.7656167
0.7280805
0.8025358
0.7440211
0.6081872
0.7141979
0.6592861
0.6003926
0.8253864
0.8103063
0.6160354
0.6847837
0.5615224
0.5016976
0.4892401
0.6188943
0.8271887
0.7502324
0.9998798
0.9716265
