33.75616
38.99501
40.17087
33.32224
29.18655
23.97011
20.3241
18.73877
16.89507
18.61144
19.50995
19.46737
17.32814
14.18524
12.75206
11.98023
12.70669
10.44065
11.73528
11.31675
10.99932
10.7951
10.65798
9.273655
8.702439
8.709953
10.05713
10.34359
10.6814
9.361332
10.04369
9.184226
8.693082
8.167433
8.155474
7.84309
7.711017
5.92885
6.028689
7.584074
6.951359
8.21908
7.466462
8.587323
8.247408
11.67062
11.967
13.27823
10.42504
9.452506
9.120559
10.27534
10.63901
10.63172
9.274186
8.860648
7.669753
8.575599
7.910925
8.247468
8.683445
7.86141
7.855504
8.040263
9.090572
6.742145
5.982798
6.120641
7.440619
7.300843
8.075012
8.208313
9.348549
9.18353
9.267563
10.33518
11.52019
11.21247
10.33966
9.744983
10.89483
10.09158
10.32626
8.809892
9.788108
11.1782
11.27518
10.82379
9.377893
9.351018
8.766292
9.385745
9.459988
9.121579
9.268129
10.14915
9.724893
10.02588
8.874297
7.832498
7.648596
9.890952
11.01921
12.35352
10.58044
11.27818
11.75
12.50091
11.37222
9.148242
11.50537
11.80048
10.8798
10.21083
9.469363
8.21331
8.16651
8.178793
6.962073
7.988851
7.548749
7.914648
7.929414
6.93281
6.922185
5.85335
5.749013
6.309248
5.924183
7.330563
7.027459
7.260415
7.660459
8.953255
10.16831
10.12378
9.709237
9.071815
8.294722
9.094599
7.812968
7.636143
6.814527
7.162321
7.680383
7.968532
5.985775
7.222606
7.848246
7.698884
7.426983
7.767905
7.73728
8.003254
7.895721
7.80208
6.818301
7.946085
9.316656
9.717154
9.557489
10.56448
9.183159
10.15143
9.656844
8.835808
9.170404
9.591972
8.720667
9.089203
9.763763
9.746328
8.148788
10.18016
9.70825
9.978348
8.709491
8.845312
9.51118
8.563643
8.339567
8.876858
8.35855
7.770461
7.69253
8.220511
6.827626
7.271985
6.711791
6.34285
6.592051
8.52163
7.278774
8.71024
9.583531
9.813915
10.08505
9.668901
9.604152
9.083907
6.98907
6.707597
7.190758
8.180021
9.527929
8.439179
9.073806
8.587738
8.550196
7.540758
7.715838
7.669746
8.032435
8.481788
8.120811
8.226867
8.714763
9.00104
8.12791
7.580654
6.211505
7.775797
9.035252
8.004408
7.380365
6.959737
5.965862
5.924254
7.68173
6.399942
6.971697
7.928335
8.484211
7.927101
7.490167
8.097071
8.298487
9.47546
8.387502
8.120917
9.224408
8.460639
9.216033
9.762638
8.586769
10.96597
8.581681
7.279157
6.366564
6.233468
7.712749
8.381931
8.576303
7.910682
9.237851
8.232473
8.07464
8.512662
7.773792
9.367807
8.033119
7.751727
7.826502
7.747067
7.834856
7.772545
6.804139
6.509975
6.767151
6.529397
7.734601
8.735847
8.32569
7.517582
7.492183
7.619482
7.473634
8.429726
8.894328
8.585974
8.173158
9.535185
10.42716
10.02336
8.907254
8.699782
8.221621
7.185975
9.227314
8.555418
6.971492
5.980872
6.560316
7.570086
6.429413
6.345761
7.529064
6.371487
7.012793
7.943022
8.29962
8.189194
8.880331
8.113232
7.036925
7.593396
6.738924
6.664729
7.109384
7.640606
7.662979
7.62801
8.263407
7.229809
7.81642
8.105926
7.070038
6.210346
7.242844
8.674
9.610469
8.477631
8.957073
8.475869
8.330603
7.823354
9.298247
7.403509
8.366151
8.775765
9.658465
10.39791
7.823102
9.498685
10.72636
11.46322
10.14349
10.87456
10.69609
9.123892
9.452024
9.306412
9.272342
9.193362
9.769383
9.290781
10.46089
9.864191
9.07008
8.345646
8.75336
8.124333
7.540752
8.323692
7.38124
8.39999
8.259926
6.652421
6.931383
8.846794
10.17
10.58189
10.11492
10.50369
8.554816
9.051735
8.395755
8.920825
9.436354
10.23048
10.63804
10.26259
10.35204
10.4255
11.39905
13.44732
11.74948
12.40654
13.59428
13.46673
13.14411
11.62623
12.73784
13.23472
13.47626
13.11684
11.774
11.56552
11.33507
11.15034
10.6808
8.472443
8.627685
8.86212
8.687011
9.512354
8.884341
9.376634
10.38337
8.168002
7.407367
7.959793
8.422714
9.684771
9.292147
9.334977
10.74075
10.33124
9.748121
11.21488
9.060738
8.956847
9.30428
9.566422
10.01739
10.63523
10.33599
9.973816
10.33538
10.17309
8.343556
8.044269
7.798166
8.346999
9.910458
9.942389
9.239331
9.31424
8.44408
9.110617
7.727874
8.033112
6.994278
7.215311
7.173942
6.906235
7.061344
7.473914
8.037685
9.512849
8.156035
6.732918
6.779842
7.814919
8.80519
8.2138
10.10435
9.288689
10.08634
11.99121
11.82046
10.96632
10.69135
11.67954
11.32879
9.211549
9.688964
9.128425
7.800294
8.807789
6.794228
7.649215
8.136125
7.541393
8.162021
6.884104
6.832163
8.017104
8.675235
9.435229
7.734746
7.679979
9.363199
7.414608
7.688848
6.475567
7.35138
8.593652
8.793903
8.131054
8.482757
8.812508
9.366565
8.841472
10.02118
9.639382
10.54139
10.63876
11.81233
12.63673
9.412835
9.779861
8.335857
10.35208
10.49899
11.53331
11.59257
10.1056
9.373435
9.926979
9.554207
8.211192
8.382947
8.517688
8.960423
10.07216
10.26582
9.390585
10.16815
10.54622
12.11642
13.3938
13.11156
11.63478
11.97056
11.3981
11.3839
13.90075
13.267
14.20079
12.89837
13.71235
15.15065
14.0221
11.80312
10.55669
9.525181
9.03274
7.936307
10.37034
11.09775
10.78499
11.50253
10.50847
10.02847
10.40683
9.757181
11.53002
11.53775
12.81027
10.36588
10.41998
9.439962
7.64177
7.152875
8.447411
7.798118
7.282244
8.330864
9.528189
10.93414
11.37003
11.77864
8.966158
9.967043
9.321755
10.29139
9.674937
9.089318
9.392866
8.515771
8.840072
9.398915
9.166577
9.573671
10.01507
8.784201
8.292629
9.093293
10.11791
11.08553
12.48562
13.89312
12.05007
11.18593
12.21713
12.96445
10.93177
11.18742
12.22916
12.77519
12.37816
12.63138
12.51714
11.67504
11.67852
10.83846
10.48531
11.51699
10.98059
9.116088
9.697824
10.45286
10.79693
12.97437
12.26173
9.92927
9.172989
9.407996
10.89885
10.98926
10.32271
11.09636
9.55016
10.29465
10.16565
11.69835
10.3602
10.51497
12.69436
11.85717
12.2281
12.13925
11.62498
10.73281
11.55408
8.704403
8.538494
8.347485
8.990383
8.37683
7.54226
6.769437
6.902885
5.613149
6.642415
6.027325
6.90013
7.249143
7.915526
7.237195
6.95341
6.68276
6.98
7.855117
7.833052
7.79466
7.874319
7.097003
6.50251
8.61773
8.847496
7.466085
8.827641
8.716747
9.024094
9.882764
9.400354
8.739916
8.58699
8.393833
9.068622
10.91742
9.155676
8.384651
10.40828
8.518542
6.835996
7.913489
8.254582
7.760763
8.049591
7.816593
9.087005
9.356058
9.461988
11.1978
9.828404
8.738062
10.29482
10.4564
10.93959
10.71056
10.6053
8.703005
8.556274
9.137878
8.471377
8.405046
9.97647
10.72496
10.77331
12.13795
12.36999
12.48276
10.44622
11.28156
11.1036
11.55579
10.01448
10.29747
8.848263
9.885694
9.454548
10.8334
11.77915
13.62044
13.82263
10.86367
10.23276
9.741642
9.877875
9.372766
8.883995
8.869226
7.719586
7.600241
6.746104
7.216872
5.934164
5.491987
7.645992
8.56903
8.059324
8.761922
9.698504
9.066426
10.10247
9.109333
10.27871
10.69723
11.84662
12.94661
13.46023
15.03169
14.83053
12.36604
12.03901
10.65
12.95989
11.33611
10.56434
9.96523
9.985254
9.098072
8.406119
8.782316
8.188523
7.400262
8.125096
7.468328
6.60631
7.208666
6.419735
6.856559
7.843043
7.548167
8.997011
10.83982
10.50972
11.13154
9.714726
9.968615
10.75583
10.21974
10.87807
9.839923
10.12032
10.36254
8.617657
8.813055
10.07089
10.57316
9.969333
9.674496
7.530821
6.791181
6.854053
7.592964
6.835734
5.653921
6.812939
7.166828
7.235768
7.843891
7.539317
8.106785
8.38069
10.03477
9.390629
9.349945
8.887057
8.416426
7.62483
8.398128
6.989718
7.624808
9.312889
9.309551
9.794302
8.444385
9.827907
11.15495
10.398
9.874791
8.662358
8.085019
6.895806
7.725475
7.965386
8.444275
8.481477
10.79217
8.569272
10.86948
9.841851
10.21966
9.859333
9.882775
11.68214
12.81748
11.58947
11.69443
11.54523
9.957103
10.14698
11.50362
10.07205
9.400259
11.09041
10.34259
9.894292
8.960252
8.320817
8.558313
6.985555
6.834088
7.395776
6.942364
7.074951
6.684228
7.791219
7.435155
6.629295
7.306336
7.835689
7.790732
7.650916
9.238218
8.743185
10.77396
11.45451
9.144187
10.96135
8.13385
9.066631
8.701071
8.089944
9.282564
8.555472
9.380423
8.819742
9.030763
8.768356
8.086519
7.82847
7.938768
7.883967
7.403113
6.761525
6.842706
6.401674
6.96218
8.879345
9.367083
8.371286
8.716716
10.46474
11.26154
10.17589
9.103984
10.32692
8.782202
8.983925
8.458694
8.175723
8.92232
7.924333
8.244783
7.987251
7.523456
7.096293
7.358837
8.185326
7.951093
9.077938
9.503378
8.623698
8.220859
8.035662
10.26408
7.429281
7.370512
7.463991
8.13727
8.5277
8.646984
8.575633
8.606301
7.630289
7.009051
7.092477
7.740725
7.914466
7.934274
7.720736
7.313991
6.390707
7.346305
7.359772
7.24727
7.651631
9.422393
10.00859
8.309619
9.484394
9.195042
9.127721
8.911651
10.52652
9.982027
10.07573
11.18806
9.876505
8.723797
8.97205
8.191995
9.034198
8.610451
8.261528
7.913853
9.449778
9.754159
9.251102
9.923987
8.353465
11.25248
9.156966
10.28131
10.06809
8.426248
10.10015
9.758878
9.265966
9.652261
9.237711
8.053844
8.165627
7.758807
8.00325
7.436587
7.172081
8.390678
8.586798
7.784725
7.318169
6.998821
7.853078
6.887102
6.916924
5.939095
6.365886
6.394856
6.686044
7.253517
7.949001
8.624077
9.8892
9.012625
9.074799
10.23318
10.30296
8.651219
9.789221
9.351718
8.273959
10.33638
9.892578
8.61058
7.003161
8.658018
8.31126
8.659255
8.86063
9.633413
8.785154
8.983067
9.717152
10.02624
11.23275
10.21339
11.11181
13.36896
11.53369
12.54813
12.08422
10.61038
11.54852
8.789528
9.284952
8.920331
9.251852
11.43915
11.21846
9.372249
8.170076
7.302369
6.875621
6.980028
6.81092
7.342893
7.77191
6.722761
8.553332
7.637062
9.605706
9.551527
9.77741
8.396931
7.299022
7.995801
8.815761
9.629859
8.122312
9.222595
8.795006
9.542467
11.46525
10.18282
8.746771
8.430963
7.388651
8.065012
9.013149
8.599032
8.8514
8.424179
7.667971
6.626422
6.161025
6.7948
8.570358
8.242947
8.931168
7.878013
9.162988
8.398115
9.742072
8.461776
7.298154
6.774158
7.45081
6.164779
7.376693
7.910767
7.279738
7.480982
8.374613
8.227099
7.594516
7.211481
7.810227
7.595519
7.192491
7.938911
7.575259
7.44844
7.948949
9.925684
9.496339
10.39144
9.679201
9.189671
11.71244
11.16033
10.84037
10.63274
10.91561
10.52909
11.0032
11.98589
9.714144
8.897735
9.587748
9.230717
8.898623
7.665625
8.848733
8.217998
7.783927
9.062475
10.22813
7.978071
7.784809
7.783635
6.688813
6.602601
7.199105
7.20985
7.172985
7.171367
6.272587
6.678478
5.973205
7.873775
8.691368
8.505667
7.749741
7.404725
7.947695
8.531583
8.929268
8.645484
8.019772
9.713735
9.438952
9.711275
8.135043
8.468724
8.861442
8.233136
8.377942
7.719849
7.417417
10.21541
10.3972
9.605049
9.273888
8.432881
10.25297
10.01505
10.71141
9.826885
9.846806
10.96095
9.275552
9.163307
7.306265
9.20449
8.863891
8.79744
9.615846
9.131113
9.66903
9.48169
9.929861
7.762697
7.587045
8.749913
8.623583
10.1619
10.35015
9.371025
9.932952
8.694824
9.345828
8.640173
8.088975
8.989992
8.063431
8.326024
9.813329
7.96682
8.726435
8.815736
8.11293
8.521933
9.601186
9.75387
9.267076
9.399061
10.11594
10.36119
8.930291
8.771397
9.491602
9.028355
10.09678
10.65168
11.2166
10.90705
9.022434
9.432547
7.604651
9.382311
9.215283
9.922299
9.800451
12.39288
11.63053
12.96911
11.56308
11.10956
10.91863
10.9748
9.732603
11.48172
11.67924
11.57817
11.34063
11.72301
12.73255
14.15099
14.59327
11.10395
10.02861
9.528216
9.361553
10.14795
8.935138
10.2458
9.902892
9.824961
9.20981
11.44748
9.190704
10.26531
9.249506
10.96419
11.99013
11.51425
12.212
10.2393
10.66029
9.590726
9.720048
10.92092
11.42102
12.06544
13.03834
11.47897
12.37843
9.442704
9.744204
9.096253
7.274855
8.07574
6.394306
7.337352
7.332515
6.270144
6.971858
7.262518
8.334745
7.500913
8.202117
7.903521
8.676532
8.597129
8.931324
8.075768
7.933942
7.540537
9.742654
8.148229
7.193484
7.587221
7.429684
6.877005
8.289435
8.383686
7.115499
6.281127
7.692987
9.713602
8.31454
8.991857
8.817633
8.958767
7.306508
8.6298
8.265993
11.06216
9.439665
8.830902
9.670145
10.44174
9.12706
7.009587
6.891166
7.424248
6.410705
6.612223
7.244179
7.443809
6.900962
6.886541
7.988176
9.237529
9.196435
8.127095
8.607101
8.408118
8.759935
7.708547
7.514658
8.442561
7.270776
7.956859
8.39058
10.14296
9.429291
11.35616
10.46781
11.40037
10.39754
12.62786
12.0528
9.291456
9.02569
8.163244
10.06764
12.24439
13.29485
11.26102
9.505932
8.219308
6.671159
6.585061
7.47843
9.517862
10.31101
11.22052
9.945261
10.25798
11.30957
11.0556
10.72506
10.34252
11.87124
9.440768
13.5338
14.37512
12.34879
11.29649
11.60511
8.542276
9.636426
8.195968
8.184884
8.570622
9.210141
9.145504
9.10357
9.342472
9.980889
9.951413
9.782149
11.07371
10.4344
12.01618
11.45728
10.36227
8.959135
10.52939
9.298273
9.651123
10.34548
11.01151
9.91579
10.47833
11.17244
10.14113
10.79406
9.248041
8.548192
7.979788
8.015052
8.56712
8.546377
9.666463
8.155972
8.118173
8.012602
7.935705
8.566123
9.261442
10.22748
9.263658
9.788931
9.433385
9.71315
8.972896
8.994098
9.552522
8.484173
8.902415
10.50352
8.121256
8.710031
9.33235
7.858056
7.248085
8.458467
7.642819
9.573393
8.555432
9.284734
7.823772
7.098277
8.036045
6.984399
7.429103
8.285986
9.455095
9.005684
10.01614
10.55452
11.22731
12.41642
12.61836
12.3119
10.83189
10.55089
10.02262
8.379798
7.965352
7.451334
8.844866
8.48751
8.163874
8.965097
9.934879
9.466928
8.862673
9.71622
9.533053
9.005482
9.965274
10.22088
9.140041
7.352469
9.001089
8.876369
8.978455
8.397713
9.905386
8.730791
10.01173
8.586658
8.475636
8.299302
7.714604
7.565171
7.949761
7.055643
6.489149
6.780681
6.215355
7.027235
6.857445
6.23998
6.366979
7.077255
8.199691
6.554209
6.931075
7.206296
8.682038
8.952268
7.905735
6.633071
7.183568
8.628001
9.398227
8.474735
8.794256
7.930195
8.650051
7.115011
8.015144
10.27634
10.5898
11.71144
11.53058
10.88433
12.59462
13.23733
11.06416
10.18402
10.5471
9.244651
9.267458
8.944806
9.611798
9.348723
8.822759
8.258201
7.739366
8.368066
6.694867
6.668789
7.648532
8.240973
9.090611
9.889274
9.879377
9.537664
9.686715
9.322838
7.468179
8.549836
7.737823
9.385614
9.193137
8.484619
8.501585
10.198
9.048455
9.307566
8.448097
8.98444
8.677949
8.620037
8.311329
7.329035
7.497158
7.189469
7.582898
7.990086
7.572574
8.137782
8.024237
9.145582
8.69299
10.08227
9.40184
10.01941
9.290119
9.813748
12.18661
11.00764
10.07234
11.02452
10.34302
9.441117
9.547613
9.50274
7.586936
8.330415
9.799781
8.619822
8.840327
8.434909
9.500728
10.96295
9.040507
9.010267
8.905082
9.595505
10.65871
13.95148
14.89542
13.08191
12.7715
12.69295
12.68
12.69599
11.74182
10.22252
9.818925
9.789388
9.439057
11.23875
10.79372
10.68316
11.62624
9.658334
10.55104
10.69157
11.48107
12.26082
11.8365
11.27887
11.16299
10.97558
9.687012
10.75901
9.756301
10.80453
9.599275
10.37232
10.06362
9.636415
10.92791
10.21652
8.413425
10.18687
7.409831
8.986382
8.531009
7.786756
7.941768
9.168283
9.512555
12.17591
12.18978
10.10185
11.06155
10.36815
11.19613
11.59715
10.73026
8.970303
10.30294
7.832993
9.040451
8.272331
9.594237
8.949395
9.923534
9.748494
8.990878
8.472312
8.764971
9.247628
8.349712
10.36159
9.235227
8.512751
8.157074
7.122657
7.946444
7.075386
7.552625
7.613326
7.012856
6.73211
6.182053
7.374913
6.927735
6.960698
7.709198
7.6304
8.298402
9.129205
9.22109
9.187891
11.04703
10.69106
11.13538
10.52276
10.12126
7.634774
7.391607
7.012764
7.982791
7.781234
8.380382
7.765552
8.928924
8.597617
9.611293
9.313246
11.1174
9.507667
9.797094
11.00809
10.18532
9.70297
10.63025
11.5084
11.68435
13.30013
11.07818
10.77384
11.41712
12.64976
13.39873
14.1215
13.11811
12.33357
11.48773
11.54951
10.99712
12.26886
12.9265
10.6172
10.19911
9.519341
9.760105
8.731667
8.04604
9.51316
8.943763
7.787154
8.275945
9.417812
7.892199
7.010233
7.720562
7.051107
8.082875
6.911142
7.078631
6.703705
7.636163
7.439495
8.714903
9.305473
11.16634
9.877933
9.942066
10.83675
10.7278
9.446275
10.59966
10.50923
9.992552
10.14489
10.15613
8.902378
10.73699
10.40575
8.813741
9.796016
9.940185
9.703455
9.345413
10.12938
9.752895
9.566442
10.80667
9.527428
8.995655
8.070863
7.990907
10.01059
9.339224
9.098542
8.365329
8.36983
8.206061
9.105036
9.823829
8.539667
8.549876
7.828754
7.449779
7.866689
8.785987
9.028916
9.404068
7.613866
7.243544
8.409535
8.75972
7.642776
7.423167
7.179779
6.89308
7.828042
6.749633
7.329992
7.319518
8.826293
9.946958
11.37529
12.76917
14.63086
13.50049
14.19384
14.8846
12.9552
11.1012
11.59302
11.60162
9.704959
8.492506
9.585654
8.946835
9.400823
8.457522
8.470023
9.712556
9.147662
9.433854
10.14276
12.72531
11.62405
10.15758
11.15144
9.640842
9.837603
8.639232
9.66484
8.448819
8.078221
8.487905
9.917564
9.987028
10.67288
10.25558
10.12162
9.158788
10.18035
9.876286
9.982014
9.128467
9.175548
10.92944
8.951687
9.653864
11.25142
11.71613
10.21895
12.2478
12.95487
12.21269
11.8007
13.54689
14.67657
13.7056
15.80935
15.04538
12.65975
11.70769
11.72263
13.05369
11.47794
10.94354
10.08082
9.119512
8.478901
7.937489
8.057382
7.05017
7.115023
6.154287
5.99144
5.153107
5.793661
6.602536
6.77522
7.160797
8.028265
7.920697
8.445665
5.775755
6.993385
6.929455
6.941114
7.137129
6.816699
7.552946
7.857511
8.81872
8.719725
7.286672
6.618366
6.895168
6.7671
6.840067
7.772666
8.595771
10.1334
10.13225
8.407299
9.075351
10.40302
8.115702
9.03058
8.982683
7.123142
7.488618
8.187468
6.533456
6.370153
5.57227
7.167405
8.262888
8.881246
8.827057
9.341694
7.316352
7.045098
7.786174
7.887102
8.219161
7.988534
8.241669
8.645086
8.648752
9.77121
11.54976
14.2
12.81671
10.91252
12.21115
10.47771
11.43012
11.08283
11.73952
11.28161
10.6832
8.973079
8.045167
7.618129
6.470471
7.147427
8.648344
8.770428
9.002346
8.887718
8.054993
8.572894
8.986928
8.087436
8.145823
8.679076
6.705521
7.379746
8.478972
8.039897
7.60993
8.677041
7.687908
7.670928
7.537901
9.272984
9.928036
10.84504
11.03672
11.97141
9.857536
9.88845
8.674995
8.134936
8.350674
7.484267
7.399541
7.475654
6.424004
5.75688
6.376354
6.356618
6.594692
7.596359
8.147352
8.651383
11.42533
12.53631
12.6428
10.95651
11.48794
9.45948
9.829297
9.843495
11.14727
10.5066
9.934948
8.800343
9.026713
8.581892
7.920734
7.814273
8.066169
10.28276
10.62861
12.29284
12.18821
12.42178
14.17103
13.16134
14.37495
12.95378
11.20696
9.846833
7.521746
8.822172
10.20272
9.599188
9.793461
10.53559
9.181582
8.751263
7.376813
7.911543
8.32656
9.683348
10.31608
8.253105
7.842622
7.998874
7.886539
8.269958
7.675858
7.909869
6.920848
8.02979
9.008475
8.301278
10.68178
12.21394
11.28327
12.86043
11.181
9.987871
8.33835
8.298524
9.354061
10.30212
11.49736
10.17161
7.892782
7.841251
9.103969
10.18093
10.45062
12.03908
11.09182
9.303488
10.0268
9.205361
8.083318
7.450392
7.994567
8.089828
7.577334
7.412817
8.118731
6.344002
6.760456
6.796556
6.371685
6.613769
7.601077
7.317549
6.355329
6.330613
7.0083
7.330257
7.505664
8.012409
9.056764
9.208907
8.333597
8.541362
8.127052
9.966765
10.43136
9.060127
7.298092
7.262449
8.360258
7.60797
8.323336
7.778354
8.853063
10.68679
8.654956
10.10361
8.23471
9.176971
8.183349
8.967484
8.295287
10.12313
9.134322
9.055836
8.593444
9.264197
7.033162
6.804445
7.042477
8.525081
8.710944
8.298927
7.590758
8.021396
7.430753
7.313056
7.402077
7.012803
6.593334
6.341859
7.259061
7.650144
6.489229
10.19278
9.838177
8.333
8.591613
8.66589
9.020856
8.597454
9.060117
10.15911
9.480352
9.727529
9.604445
11.90587
9.484899
10.29502
9.023057
8.415879
10.07377
8.139735
8.220724
9.338915
9.037637
7.777455
7.01359
7.940621
7.871648
9.337903
8.475059
7.6418
6.429395
7.035186
6.521212
6.570502
7.227216
9.214517
8.830729
8.846982
9.782708
10.19909
9.586977
8.428478
8.576553
7.501691
7.131575
8.441183
7.649786
7.891888
8.912411
8.942732
8.155578
6.854872
6.922335
7.708293
8.176015
8.104851
10.24027
10.13878
10.89491
10.19114
8.803978
9.137076
8.246387
7.966619
7.95104
9.886126
10.42823
10.3658
9.580187
9.471525
11.06442
11.1659
9.886044
8.772476
8.903903
9.535215
9.526863
8.752433
9.204815
8.172796
8.789885
9.207741
7.782578
9.002023
11.24112
9.263553
12.1839
11.31929
10.97252
11.84474
9.953374
10.9105
10.69198
9.496873
9.988198
10.12648
10.69632
9.822575
10.72681
8.927292
9.656973
9.728774
8.582448
10.64088
10.06499
11.21723
8.178572
7.045093
7.287252
7.832889
6.298584
7.63897
7.041079
7.152885
9.161639
7.926888
6.67348
7.05989
6.878931
6.541147
6.370691
6.446445
5.786858
5.429752
7.184925
6.622407
7.355966
7.488576
7.736985
8.015436
8.695373
8.211766
7.484912
6.334205
6.414219
5.910813
6.743701
6.402277
6.297983
6.483464
6.525776
7.949647
10.07574
9.202759
8.756952
8.088217
8.80833
8.652714
10.07552
8.845556
8.638684
10.21342
10.26374
8.677843
7.840442
8.643678
8.851273
8.896631
9.23763
9.059036
9.653882
9.340406
8.470416
8.180582
6.918788
6.837234
7.673435
7.508584
7.748697
7.874109
8.750276
8.96379
8.755669
8.060457
8.004504
8.429295
8.656085
9.080805
11.60448
11.48997
10.47588
10.29812
12.13051
12.55503
13.67779
12.20934
12.41132
10.25608
10.44001
8.898589
9.098418
8.215548
8.557204
8.269695
8.083797
7.286945
6.776838
7.388879
8.567209
8.407995
8.999498
9.23561
8.726045
8.773121
7.119397
6.492273
7.400185
7.906166
8.295323
7.935261
7.967121
8.444544
9.057341
7.5267
7.012396
6.304258
7.232958
8.240648
8.120943
7.17165
6.378249
6.35483
5.562202
6.225137
6.346079
6.198707
7.426715
7.32825
8.162293
8.414058
8.742857
8.930504
8.894226
8.97503
8.944762
9.193237
7.959352
7.677335
7.697036
7.323512
7.807523
8.251771
9.157476
9.094074
8.193397
9.354908
9.465822
10.68392
10.07436
10.45314
11.26999
10.41047
10.18585
9.80878
8.84746
7.63858
7.797647
7.270984
8.222226
7.594005
7.882783
8.814722
7.722936
10.00746
9.52642
8.62816
8.511342
9.260287
9.801028
9.321628
8.163736
7.337626
5.917437
6.092031
6.226205
6.04967
7.02605
7.177568
7.734198
6.936579
8.776243
9.000774
8.165474
9.097494
11.23909
10.24351
10.64636
11.9077
13.57771
9.85059
9.311215
9.845275
9.484835
10.28828
9.200176
8.952335
8.458244
10.1115
11.34966
10.5878
11.36901
9.979533
10.99833
11.75653
9.81757
9.60307
11.82703
11.48371
10.74714
10.55423
9.891199
9.45192
8.262385
10.35831
8.967442
8.639752
8.257741
8.115444
8.580586
9.159935
8.014049
8.215116
