-1.575788
-2.326005
-1.505311
0.5593963
-0.5595317
-2.404598
-0.8387227
-2.94332
-0.946594
-1.341481
-2.101343
-0.4923789
-2.21342
-3.632019
-3.63222
-2.396706
-1.751218
-2.496584
-0.9301268
-0.3045952
-0.65713
-0.4206889
-0.4235555
-1.254372
-1.905655
-2.870152
-2.077888
-2.975358
-3.265616
-2.227594
-2.370059
-1.790478
0.1158748
-0.6925285
-1.062457
-1.118381
-0.6550956
-2.375524
-1.807671
-1.836256
-1.370288
0.1462253
-0.8625935
0.3614899
-1.305585
-2.397801
-1.918349
-2.230414
-2.650341
-3.563096
-2.745352
-2.880754
-2.544109
-2.561641
-1.447819
-1.498659
-1.203277
-3.41869
-4.329131
-4.25175
-5.083359
-3.687096
-3.337311
-1.233659
-0.3757538
-1.760418
-2.10331
-2.070371
-3.094358
-3.434494
-3.290731
-1.432593
-2.619966
-2.111477
-2.079909
-0.4870679
-0.3251148
-1.865099
-2.0423
-0.1780602
-0.7116975
-0.5803789
-1.596935
-0.6849943
-2.757643
-1.926873
-0.9992524
-1.58199
-1.088766
-0.7935976
-2.435482
-1.857016
-1.79517
-2.949084
-1.930978
-2.659637
-2.311037
-2.811522
-1.892769
-2.940688
-4.376929
-4.690666
-3.656591
-3.399615
-2.885378
-2.504131
-2.802676
-2.942452
-0.1325437
0.5707169
-0.7622148
-1.714869
-0.4189548
-1.292831
-0.1000133
-0.7354222
-1.136852
-1.263975
-2.338061
-3.226941
-2.731102
-3.686273
-2.174686
-2.549285
-2.268801
-2.564402
-1.62217
-1.016828
-0.05418051
-0.922186
-0.671606
-1.569787
-2.385965
-1.756135
-1.877321
-0.8185207
-2.807738
-2.405913
-1.670989
-2.066429
-2.588484
-1.093983
-0.7779371
-0.9402816
-1.720836
-2.068591
-2.100505
-2.084273
-1.704959
-1.452253
-0.9400597
-1.386274
-0.3792417
-1.587718
-0.7632201
0.1556282
0.4641868
-0.2516088
-1.817236
-2.057855
-1.507056
-0.7594962
0.1998178
0.4231895
-0.03942353
0.4459779
-1.207639
-1.49142
-1.340495
-2.951272
-3.087003
-2.34516
-2.564207
-1.934309
-2.660892
-3.730239
-3.06401
-5.125816
-3.949188
-2.88262
-3.004739
-2.019721
-0.9497606
-2.295338
-2.475317
-2.0394
-1.458219
-1.664002
-1.343514
-1.602697
-1.004717
-1.203939
-0.3092136
-1.213326
-1.538579
-0.4811321
-0.7263696
-0.4142264
-0.02200141
-1.862955
-2.71451
-4.257584
-3.87492
-4.346346
-4.254635
-3.177488
-2.599765
-4.472071
-3.686706
-2.932972
-1.986175
-3.826843
-2.238293
-2.306491
-1.50395
-0.424057
0.3081468
0.3022967
-0.7695664
-0.7428494
-1.462754
0.0156251
0.2874824
0.3243119
-1.479521
-1.620347
-1.414977
-0.4749767
-1.722445
-1.626657
-1.878045
-0.6505145
-1.295428
-2.567496
-2.586934
-3.036938
-3.749478
-3.427782
-2.816845
-2.23655
-1.446339
-1.353396
-1.482043
-0.6719771
-0.3447623
-2.035769
-2.192835
-1.773165
-2.351161
-2.812332
-2.925492
-2.74801
-2.669206
-2.950419
-1.867885
-1.29602
-0.7280727
-0.2424944
0.6186075
0.3150532
-0.1933903
-1.628417
-2.569502
-2.513352
-3.16665
-2.279495
-3.011315
-2.824898
-1.881574
-2.659004
-3.110538
-4.658383
-3.65037
-4.653552
-3.01535
-2.47255
-1.158731
-0.6589413
-0.5271979
-1.257115
-2.949126
-2.474164
-1.743007
-1.264035
-1.622345
-1.938726
-0.1275979
-1.734762
0.09902351
-1.170946
-3.254036
-2.533583
-2.286905
-2.367352
-1.800012
-2.323424
-1.798599
-2.095467
-1.627144
-0.2972988
-1.546156
-1.967559
-1.807504
-1.998305
-2.706779
-2.503543
-3.690001
-2.936155
-2.458011
-1.812255
-2.118016
-1.921358
-2.271655
-1.719454
-2.798569
-2.15581
-2.849033
-2.620072
-0.8177144
-2.03095
-2.122451
-1.885278
-1.837616
-1.791907
-2.79556
-2.54971
-4.205602
-3.594183
-3.089387
-2.369712
-2.357406
-3.772303
-4.497032
-4.338951
-2.336717
-3.311914
-0.6470301
-0.6744422
-1.137488
-1.019134
-0.2945078
-1.575405
-3.977711
-3.643409
-3.451074
-2.454652
-2.238879
-0.7422939
-1.549571
-2.138821
-0.9325782
-0.9038501
-1.683052
-1.997652
-1.237167
-1.779225
-1.586772
-2.340827
-2.579788
-3.299654
-2.337451
-1.559803
-3.271232
-2.136238
-1.254176
-2.951826
-2.483686
-2.395266
-2.760509
-2.70405
-2.163631
-3.182036
-2.808909
-2.934841
-0.7030466
-1.967826
-2.404982
-2.429067
-2.417749
0.3721766
0.3475659
-2.027648
-2.397121
-1.077632
-0.3268301
-1.702175
-2.359346
-2.453405
-0.3774518
-0.2645686
-1.177022
-0.2841179
-0.03507398
0.08197635
-0.9377074
-1.437582
-0.6298726
-2.493528
-3.287015
-1.610491
-0.7505638
-1.017578
-1.277534
-0.5591229
-0.9313485
-0.7527858
-1.538771
-2.179419
-0.134368
-1.470661
-0.5759349
-1.853863
-3.227281
-1.570032
-1.191522
-1.652491
-1.4613
-0.3231403
-1.341719
-0.8508944
-3.025533
-2.021443
-1.045079
-1.138306
-0.06950817
0.13829
-0.2886119
-1.940613
-1.338392
-0.6231077
-0.2710655
-1.436721
-0.2482322
-0.7878335
-1.711459
-1.622783
-2.203201
-1.675988
-1.092425
-5.236985
-5.616045
-5.456518
-6.007661
-4.604642
-3.738907
-3.404175
-3.953952
-3.923572
-3.314382
-3.477588
-3.404718
-3.128649
-1.795241
-1.867565
-2.791853
-2.091045
-0.7094331
-0.3141547
-0.422288
-1.368547
-1.830481
-1.587577
-1.169827
-1.134934
-0.2138225
-1.151403
-0.9088238
-0.08792693
-1.417004
-0.883435
-2.34452
-2.029453
-1.723065
-1.796274
-1.75697
-1.412707
-2.51014
-2.665554
-2.346574
-2.718132
-2.34869
-0.5841807
-0.2398529
-2.000962
-1.673517
-1.63567
-1.225285
-0.1653711
0.5616573
-0.8125135
-1.226435
-2.763224
-2.785963
-2.601388
-1.602076
-1.092414
-1.762291
-2.821045
-2.407581
-2.535533
-1.819999
-0.4806652
0.2583384
-0.746675
-1.829966
-1.955922
-3.02824
-4.408712
-4.315726
-3.823479
-2.518657
-1.041046
-1.602066
-1.217675
-2.427843
-2.482808
-2.872559
-2.500661
0.3130138
-0.06904511
-2.518928
-0.03707413
-1.93643
-3.285496
-0.4922312
-2.077347
-2.682215
-2.106697
-3.383136
-2.032784
-3.801188
-1.464016
-2.085023
-2.156938
-0.8575182
-0.1131932
-2.080797
-3.380185
-1.978511
-1.92785
-3.714594
-3.0618
-1.735222
-1.29965
-2.081814
-1.326881
-2.365946
-2.325341
-2.489801
-0.9180195
-1.56718
-0.3755086
-3.277019
-1.702999
-1.531283
-1.743029
-0.2762636
-0.6109402
-1.443253
-1.742794
-3.346847
-3.24134
-1.997823
-2.438066
-0.9841982
-0.1455986
-0.5805802
-0.8329966
-0.1956118
-2.799175
-2.104425
-3.809283
-2.606292
-1.177791
-3.023531
-2.246459
-1.461948
-3.779069
-1.655245
-2.87346
-2.148416
-2.2336
-0.4770435
0.5561826
0.5400161
-0.09599048
-0.6116911
-0.9805511
-2.04053
-2.137378
-0.6235619
-1.688752
-2.209999
-1.586446
-2.616969
-2.571696
-3.344403
-3.509233
-2.408441
-0.9993102
-1.718946
-1.832686
-0.9546565
-0.1721078
-2.027054
-1.89783
-1.245806
0.1191608
0.5443986
-0.3295606
-2.274202
-2.047954
-2.457195
-0.9096811
0.1474949
0.01669398
-0.2195551
-0.1947265
-1.382175
-1.56093
-0.6616027
-0.240999
-0.2700869
-1.860244
-1.557224
-2.186399
-2.462943
-1.554237
-2.364863
-2.533184
-3.435196
-4.115456
-5.514458
-5.055197
-4.771956
-2.796448
-1.700594
-2.811214
-4.011273
-3.34211
-2.263763
-2.891759
-2.952479
-2.476027
-0.688538
-1.556518
-1.336086
-2.336202
-2.504634
-1.419086
-1.568612
-1.394103
-1.19986
-1.190939
-1.029539
-0.4513089
-0.6718448
-2.133484
-2.099446
-1.881243
-2.918746
-2.994912
-2.132585
-2.38848
-2.059477
-0.9349289
-0.6619952
-0.3449974
-0.5686303
-0.9927744
-2.328499
-2.619485
-2.672825
-0.4093841
-0.9382134
-0.227557
-0.1514444
-0.6829974
-1.339136
-0.4536871
-0.4439538
0.0171338
0.2100774
-0.01956366
0.4400906
-1.381544
-1.270994
-1.482047
-1.747553
-1.409063
-1.117565
-1.609625
-1.722111
-2.758541
-3.39289
-2.346007
-2.222096
-4.146778
-3.829542
-1.277976
-1.587694
-2.116385
-1.388416
0.03473264
-1.238779
-1.042919
-1.722105
-1.023063
-1.693964
-2.106473
-2.070598
-3.60432
-4.060118
-4.35311
-2.834164
-2.31636
-2.379574
-1.128164
-2.905218
-1.122144
-1.096695
-0.9691821
-2.416537
-1.334086
-0.1172257
-0.6365406
-2.250104
-2.020016
-0.3709993
-1.840852
-0.0536793
-1.239221
-0.2258712
-2.511694
-2.043111
-2.751726
-2.385409
-1.579943
-1.689999
-1.948165
-2.387859
-1.157071
-0.6916448
-2.429127
-1.367584
-1.295711
-2.529393
-1.852217
-3.150293
-2.4675
-3.253255
-2.101544
-0.2894147
-1.423705
-1.961001
-1.319106
-1.730488
-0.7051807
-2.226621
-1.068369
-1.078988
-0.9085891
-2.653959
-1.736076
-0.4745495
-1.024301
-0.7795136
-2.819836
-1.670216
-1.294289
-1.63968
-1.108185
-0.6940005
-2.20052
-2.306466
-1.814263
-2.192902
-2.557089
-2.647223
-2.602213
-2.209579
-0.8878802
-1.810148
-1.315215
-1.115221
-0.9671966
0.1328895
-0.0162239
-1.1748
-2.271688
-2.664888
-2.296788
-3.883807
-2.798742
-0.05301236
0.07929105
0.191205
-0.870219
-0.9887006
-2.70921
-1.969773
-1.423757
-1.327161
-1.309781
-1.551186
-1.72235
-1.462509
-2.145598
-3.205186
-2.648802
-1.771302
-0.8559962
-1.134614
-2.65644
-0.4542471
-0.545209
-0.765812
-1.24515
-2.835418
-2.466693
-2.56888
-0.9907001
-1.808611
-2.95089
-1.742841
-2.022959
-2.361275
-1.648649
-2.046566
-2.736979
-2.58038
-2.815772
-1.478592
-1.525624
-0.08240454
0.7204305
-0.0008668661
0.2029001
-0.08477271
0.1389092
-1.093319
-2.632723
-1.752659
-1.038923
-1.268857
-2.686694
-2.732713
-4.38366
-3.649355
-3.047041
-3.176178
-2.722089
-2.74581
-1.617381
-1.80745
-0.1775519
-0.4428427
-0.04406158
-0.9799827
-0.9416586
-1.464395
-1.052634
-2.674997
-2.041216
-2.511049
-3.769166
-1.649537
-3.442399
-4.009163
-3.936826
-3.55386
-2.736134
-1.086979
-1.679852
-3.646109
-2.931649
-1.167447
-1.711635
-1.994513
-0.5708704
-0.4425077
-0.2023099
-0.2148291
-1.558499
-1.870505
-1.797807
-1.72579
-2.429425
-1.705245
-0.883648
-0.7975912
-0.1700606
-0.1068064
-0.4010312
-1.597439
-2.516321
-3.015024
-0.3963577
-0.1929266
-0.5931834
-0.4066685
-1.673952
-2.746858
-2.938414
-3.208638
-2.009065
-3.788041
-4.261224
-3.395276
-1.811614
-1.670526
-1.845573
-0.7640696
-1.244745
-1.549668
-2.654478
-1.238077
-1.296132
-0.9870877
-0.4780429
-1.902517
-1.844022
-2.499658
-2.601848
-2.886146
-2.997645
-4.329249
-2.498557
-1.249794
-2.453734
-2.045718
-3.969469
-3.073098
-2.040126
-1.241321
-1.906031
-1.156044
-1.200011
-0.4165316
-0.06056781
0.1035068
-1.374725
-2.280958
-2.122149
-2.135433
-1.659447
-1.150122
-0.3625301
-0.01153798
-2.185784
-1.182825
0.2354359
0.9389615
-1.090335
-1.098227
-0.1776482
-0.9259243
-2.004045
-3.235582
-1.420609
-0.8285585
0.6460036
-1.343502
-1.663995
-3.268005
-2.197534
-1.85508
-2.269809
-1.769204
-0.2314625
-1.042357
-0.8499444
-0.346316
-1.326682
-0.5270125
-0.4518486
-1.418075
-1.402889
-1.095256
0.07053294
0.2877834
-1.614096
-1.395876
-2.272283
-2.393328
-1.816941
-1.760594
-0.9643157
-0.4430287
-0.65645
-1.441209
0.1305968
-0.3688257
-0.8254972
-1.914159
-0.8062882
-2.066196
-1.842238
-0.925499
-1.467521
0.4261438
0.3190331
-1.004909
-1.437315
-2.505643
-2.075663
-2.134759
-2.389537
-3.164491
-2.484972
-2.06847
-2.079313
-1.645421
-2.077716
-1.813481
-2.312281
-2.069767
-2.558159
-2.573688
-0.8394462
-1.725955
-1.157784
0.06613871
-0.4692993
0.8727158
1.073134
0.2521758
-1.356664
-1.427911
-1.702577
-2.767457
-2.197088
-3.665116
-2.262746
-1.387697
-2.13143
-0.674002
-0.7937591
-2.237543
-2.532283
-1.658908
-2.413206
-2.139231
-2.138696
-2.655007
-1.584004
-1.832501
-1.785303
-2.791015
-3.929807
-3.467949
-3.261569
-2.887309
-3.104866
-2.312476
-0.5381564
-0.6739738
0.9537826
-1.089302
-2.036205
-3.411875
-2.964838
-2.989387
-4.327829
-4.144035
-4.484928
-3.858759
-4.196431
-3.64975
-3.760423
-3.132434
-3.663696
-2.791575
-3.417393
-3.338594
-3.857581
-3.474632
-3.708601
-2.246532
-2.03267
-3.106765
-2.013951
-1.928112
0.3008063
-2.488205
-2.44804
-1.114678
-0.9394979
-0.5407535
-0.03784236
-0.8419584
-1.474274
-3.563283
-4.001804
-2.29137
-1.084064
-1.111454
-1.98646
-3.564324
-3.482561
-3.115247
-3.658126
-2.277966
-3.160974
-4.66733
-3.346772
-3.422566
-2.898507
-1.350525
-1.17489
-0.2098839
-0.4017771
1.087333
-0.1261799
-0.08470952
-0.7010514
-0.9932111
-0.358989
-0.7988276
-1.441788
-1.389609
-1.759223
-1.862053
-3.814095
-2.127801
-1.871141
-3.522193
-3.333484
-2.5662
-1.52029
-1.439308
-0.8702425
-1.443573
-0.9419822
-0.2292584
0.06637794
-1.303881
-0.9027913
-1.54749
-2.635344
-2.057263
-3.013968
-1.544222
-0.2799918
-1.044334
-2.560915
-2.598038
-3.064144
-1.948797
-2.028866
-4.602802
-3.669273
-1.85484
-1.053274
-1.239473
-1.246177
-0.1544528
-1.434852
-2.349964
-2.507824
-1.893263
-2.066969
-1.782808
-1.323799
-2.45469
-1.982877
-0.5794544
-0.7761046
-1.250611
-1.823308
-1.914423
-0.8842222
-0.4222394
-1.537053
-2.106488
-2.783814
-3.335498
-2.889989
-2.26904
-2.570211
-1.829604
-0.8293197
-0.631923
1.125939
0.9431915
0.9225216
-0.6991969
-1.514872
-1.506263
-0.7816318
-2.321762
-1.920577
-2.463604
-1.372416
0.0689649
-0.4137038
0.09276757
1.168115
-0.4457258
0.3271163
-0.6474119
0.4260218
-0.5804472
-1.15267
-1.58679
-3.503572
-3.717817
-4.441321
-3.15806
-2.12506
-1.805361
-3.185529
-3.066168
-2.631036
-0.8966824
-0.6461094
-1.267501
-1.910554
-1.889512
-1.746107
-1.145238
-1.677676
-0.1880201
-2.324542
-2.211138
-3.27544
-3.124988
-2.644816
-4.438481
-3.055273
-2.533319
-2.035732
-2.040032
-1.697903
-1.56682
-2.538535
-3.298732
-1.398364
-0.3911991
-1.377624
-1.165096
-2.620201
-1.583845
-1.376666
-0.6815409
-1.305266
-2.397455
-1.356226
-0.7186174
-1.174025
-0.4487822
0.07929937
-0.7126172
-1.490777
-1.824638
-2.8184
-3.145043
-3.218722
-3.982415
-3.759572
-3.433694
-1.451175
-1.310163
-2.211145
-2.738712
-3.881638
-1.605738
-1.18068
-2.08067
-1.845943
-1.364144
-1.640319
-3.326072
-2.677556
-1.803816
-0.1820921
-0.06294053
0.5786722
0.7360049
-0.1737379
0.2267835
-1.618403
-2.576958
-1.415729
-0.5751655
0.5636954
-0.02247297
-0.3353385
-1.43886
-1.209621
-1.40287
-1.801083
-1.581416
-1.668284
-2.341181
-2.715927
-1.756097
-2.117874
-2.169306
-1.653377
-1.241471
-1.358389
-1.015716
-1.574148
-1.906248
-2.210272
-2.254732
-1.884272
-2.089012
-2.391082
-2.166338
-0.6400565
0.6398033
0.4511537
-1.917149
-1.732994
-1.295865
-1.961897
-1.757111
-0.0425434
-0.902952
-1.767157
-1.992934
-1.024588
-2.883333
-2.027024
-1.543945
-0.9516545
-2.583773
-2.165999
-2.539474
0.4850631
-1.37085
-1.616214
-1.340579
-0.5627938
-2.052151
-2.672662
-2.337497
-1.390362
-4.164442
-3.947489
-3.258517
-2.066046
-2.649749
-3.033974
-2.067196
-0.9510189
-1.975074
-4.450583
-3.867464
-1.573659
-2.182878
-0.9501461
-2.598148
-2.110097
-1.673964
-0.7711564
-1.083301
-2.113701
-1.173759
-0.6403633
0.6043976
-0.519626
-2.575539
-2.885109
-3.111889
-3.104641
-2.850893
-0.7164186
-0.1865567
-0.6736776
-1.67707
-2.735855
-2.519217
-2.639777
-1.074105
-1.583946
-1.539118
-1.146363
-1.243501
-0.6239135
-0.2442745
-0.3843027
-0.5036247
-0.586377
-1.145587
-0.6437271
-2.002246
-1.893471
-2.621515
-2.934703
-3.016152
-2.489445
-2.984774
-1.352168
-3.609543
-3.923663
-5.251965
-5.580803
-5.091337
-3.069285
-2.764634
-2.310755
-1.190386
-0.7047744
-1.285711
-0.7798318
0.8263056
-1.989433
-0.7188114
-1.414603
-0.04378768
0.3981622
-1.438201
-1.368782
-2.094749
-2.981104
-2.526973
-2.097625
-1.770243
-3.221715
-1.380439
-1.037224
-2.196814
-2.074825
-2.736736
-2.036606
-3.416105
-1.570279
-2.310458
-0.976213
-3.012092
-4.373259
-2.74624
-2.660974
-1.569863
-1.519231
-2.075758
-4.050138
-0.7849873
-1.070737
-1.401012
-2.437465
-2.867626
-3.356057
-2.596007
-1.50685
-2.557694
-1.48339
-0.0003451842
0.2151254
-0.2827645
-0.9053422
-0.6332738
-2.718297
-1.419437
-1.054824
-0.919356
0.3526563
-1.010866
-0.133288
-0.6349988
-0.1442278
-0.8537907
0.5336186
-0.07357032
-0.7779074
-2.130799
-1.838806
-2.481782
-3.436179
-2.696655
-1.532824
-0.5811082
-1.55689
-3.821811
-1.306364
-2.711076
-2.751914
-1.925321
-2.424549
-1.988287
-1.59507
-0.9391497
-0.3920897
-2.018663
-1.782383
-2.696108
-2.626217
-1.277177
-1.687778
-0.6165818
-1.704337
-3.269216
-1.706205
-2.494425
-2.154129
-2.111232
-2.090101
0.533001
2.356523
-0.8106957
-0.8237779
-3.215175
-4.139161
-2.370572
-2.266267
-0.2998043
-1.824724
-1.583922
-2.001967
-0.8970013
-1.906841
-1.931887
-1.100454
-0.5300504
-0.6891198
-1.205413
-2.161034
-2.540178
-2.058362
-1.617604
-3.135084
-2.796372
-1.526067
-0.9361206
-0.5718334
-0.5559673
-1.414562
0.3488316
-0.09029924
-0.2165107
-1.01444
-1.850116
-1.504839
0.08468716
-1.503704
-1.484559
-1.134748
-1.121669
-1.074072
-0.7937864
-0.6462147
0.2630896
0.8518903
-0.3718648
-0.2345482
-0.9465997
-0.1324732
-1.622518
-1.527577
-3.253717
-2.091846
-3.027269
-4.516121
-1.428279
0.111974
-0.3065546
-0.6870987
-0.3679242
-2.269047
-2.732423
-2.306818
-3.266398
-2.329462
-2.006781
-0.939107
-1.428234
-2.092367
-1.723657
-3.023902
-2.807808
-1.960463
-2.10106
-3.339044
-3.04216
-3.636392
-2.910135
-2.296457
-1.314448
-0.8062535
-0.1772855
-0.6995977
-1.554996
-1.969484
-2.43355
-2.158623
-2.30224
-2.40757
-3.375763
-2.844106
-3.462985
-5.646241
-3.82043
-2.018185
-1.913437
-2.843111
-0.3698022
0.3146594
-0.639984
-1.341791
-3.221049
-3.841576
-2.285245
-0.9977642
-0.791936
0.2550944
-1.331719
-0.7560805
-0.05379016
0.06119213
-2.276205
-0.5271362
-1.048173
-2.675943
-2.159021
-2.844808
-1.829916
-1.726151
-0.9785908
-2.127553
-1.86048
-1.249578
-2.817371
-2.440076
-3.120744
-2.002745
-3.75831
-2.524512
-0.2847452
-0.6256465
-1.105849
-0.492073
-2.414826
-2.459843
-1.200324
-1.421986
-0.9054123
-1.326863
-2.304777
-2.183501
-1.783903
-1.72088
-1.89166
-1.130467
-1.011738
-1.888653
-2.702507
-2.666398
-2.514037
-2.12942
-1.011058
-2.286515
-2.795829
-1.60138
-0.1425835
-1.233043
-0.7550089
-0.2307568
-1.545981
0.2926274
0.3433907
0.7879741
-0.1849324
-1.284478
-2.352687
-2.179503
-2.201397
-2.799526
-0.5102117
-2.495678
-1.717675
-0.1789855
-0.0653407
-1.000424
-1.627453
-3.270968
-2.313932
-2.372643
-2.272834
-2.422701
-3.741515
-3.941046
-1.95274
-1.576915
-1.258216
-2.481014
-1.236542
-1.327757
-0.7772783
-0.5765798
-0.2825858
-1.644062
-2.76718
-2.964855
-4.306829
-3.747339
-2.235907
-1.880048
-2.1165
-0.8739073
-1.309818
-0.4823437
-0.9548834
-3.065109
-3.177738
-2.844337
-2.633754
-1.593258
-1.919633
-0.8604454
-2.32455
-1.542232
-0.8732613
-1.727287
-2.44857
-3.369574
-2.816591
-2.330113
-1.812115
-2.191255
-1.08253
-1.792156
-2.322517
-2.725205
-3.394437
-3.16289
-3.647609
-2.197466
-2.593581
-1.777503
-3.503833
-3.567665
-4.85548
-2.976662
-3.165372
-1.873853
-2.15469
-1.034193
-1.582862
-0.7841533
-0.01141646
-0.8761624
-1.123492
-1.039682
-0.4249202
-0.5575283
-1.825171
-1.55256
-3.192505
-2.953001
-5.731714
-5.362519
-5.111329
-4.085406
-3.897574
-3.322002
-3.30866
-2.879827
-2.589709
-3.845832
-1.118122
-0.2810625
0.3016065
-1.474252
-0.6600108
-0.9073569
-0.7309474
-1.157485
-1.067144
-0.8038805
-0.1376447
-0.5727216
-1.304741
-2.854471
-2.808436
-2.908231
-0.7841976
-0.2509868
0.6020546
-1.314829
-2.612489
-1.512544
-1.692662
-2.383393
-1.425557
-2.633529
-2.927646
-2.17588
-2.557015
-1.205555
-1.481127
-0.4261036
-1.962858
-0.6056128
-1.158578
-2.376046
-2.931652
-3.091419
-2.50902
-1.602541
-2.033229
-3.588992
-5.038434
-3.166532
-2.088301
-3.311959
-3.427356
-4.044539
-2.098403
-4.052647
-1.623419
-2.158011
-2.360216
-1.329707
-1.606363
-0.5768018
-1.426005
-3.923579
-2.9627
-3.374495
-4.067151
-3.691661
-4.406603
-2.916009
-2.790772
-3.072704
-3.014289
-3.159005
-1.952271
-1.820401
-0.8303319
-0.333494
-1.447908
-1.153801
-0.6458226
-0.8614002
0.1665178
-0.9140382
-1.04486
-2.554328
-1.399423
-2.61198
-2.437097
-2.444316
-1.272154
-1.946413
-3.263794
-1.145763
-1.563013
-1.750546
-1.533085
-2.789232
-1.807836
-4.051455
-3.168911
-1.662199
-2.13666
-1.747365
-2.048176
-1.136381
-2.391385
-2.989464
-3.638744
-1.982663
-2.000218
-1.580878
-1.079265
-1.524574
-2.441649
-2.224221
-1.577036
-1.894788
-1.298529
-0.70962
-0.65744
-2.03689
-1.816869
-3.091642
-3.392029
-2.680232
-2.76668
-1.818657
-2.512038
-1.606079
-3.397047
-3.278621
-3.262113
-1.546112
-2.035193
-2.860383
-1.359473
-2.360601
-2.657603
-2.555076
-1.883344
-0.2278188
-0.9047871
-0.9252992
-1.798775
-2.321448
-3.633014
-2.734268
-0.6131789
-2.422573
-1.509528
-1.517841
-1.957885
-3.161524
-3.165576
-3.451164
-2.716202
-4.279225
-2.112096
-1.047716
-3.031605
-3.790654
-2.667984
-1.998762
-2.274607
-1.629163
-0.7777726
-2.98267
-2.00403
-1.545877
-1.655073
-1.343851
0.2451918
-0.4805585
-1.630124
-1.921925
-2.025701
-3.087975
-4.147766
-3.232017
-2.075016
-1.98254
-0.7252554
-0.2406964
0.3392598
0.004410401
-2.108106
-1.581314
-0.7581149
-1.580534
-3.704351
-1.536467
-2.1709
-2.654819
-2.309665
-1.765695
-1.653271
-1.814125
-0.6734186
-0.6956831
-1.216825
-2.109179
-3.615781
-4.679486
-4.50855
-2.938472
-2.450278
-1.649747
-1.729239
-1.558581
-0.8122029
-0.3976102
-1.476233
-1.062496
-1.727971
-0.5627832
-0.1830949
-1.928825
-0.1077791
-1.146655
-0.9626819
-1.515577
-2.788603
-1.660801
-1.462045
-1.518536
-1.808255
-0.6126138
-1.050433
-1.579007
-2.693655
-1.885024
-2.043729
-1.603379
-2.243179
-2.211336
-1.400265
-1.836826
-1.831408
-1.924372
-2.257731
-2.832198
-2.332566
-2.000669
-1.995033
-0.8870852
-2.025035
-1.488125
-1.746426
-1.028709
-2.289156
-2.221201
-4.665001
-4.122105
-3.648505
-3.095866
-2.344691
-3.304549
-2.821668
-3.677356
-2.651973
-1.399558
-2.430516
-2.265913
-2.245152
-2.765171
-2.713749
-1.173994
-2.065183
-1.674806
-2.301089
-3.063163
-1.845503
-0.8662619
-2.818076
-2.632058
-1.15187
-2.343632
-1.425965
-1.114267
-0.7163327
-0.5414051
-0.5874123
-0.5715368
0.1103537
0.8224689
0.6723911
-0.5425998
0.2717289
-0.5863233
-1.016316
-1.487115
-0.5027542
-0.9990853
-2.339043
-2.036839
-1.578655
-2.616049
-2.01292
-2.128937
-1.4753
-1.783943
-2.528277
-3.524348
-2.109984
-1.03858
-3.002173
-1.952839
-1.723075
-0.7900663
0.333448
1.057764
-1.103461
-1.38886
-1.502548
-1.172238
-1.616813
-2.250783
-3.402597
-4.374309
-4.164798
-3.207845
-2.111652
-2.633192
-2.809574
-2.612764
-1.027653
0.123668
-1.165464
-0.9235763
-2.331379
-3.323727
-2.719889
-3.110563
-2.726237
-2.887333
-3.805477
-2.992417
-2.690117
-2.253616
-2.851196
-2.71509
-3.695057
-2.909356
-3.089969
-4.148068
-5.065357
-3.588583
-3.576917
-3.387662
-2.875955
-3.471926
-1.986195
-1.731479
-1.185778
-1.777098
-2.030323
-0.2221485
-1.304112
-1.071509
-2.061189
-2.807607
-2.536332
-3.374645
-4.018251
-3.877624
-2.383988
-2.333192
-0.6240783
-0.4792703
-1.60825
-0.5592047
-1.284327
-1.166451
0.08061024
-0.8731747
-2.040018
-2.799943
-2.613627
-1.65478
-2.456383
0.7244448
2.254777
0.7235039
-1.242265
-1.614082
-1.229156
-0.8283109
0.3241257
-1.57237
-2.546031
-3.996864
-3.128287
-2.615372
-2.959704
-1.921834
-3.746413
-3.405428
-2.692122
-1.443096
-2.869105
-3.113443
-2.070021
-1.303305
-1.280713
-0.5048015
-1.694011
-1.217996
-2.60239
-3.008012
-2.122436
-2.198284
-0.487416
-0.4245736
-2.082885
-2.856845
-3.163143
-2.416634
-2.182127
-1.809423
-3.095314
-3.146714
-5.344182
-3.226374
-1.768029
-1.668627
-0.9082717
-2.500966
-2.515253
-4.119609
-1.764568
-1.020062
-1.759669
-2.369365
-0.9542381
-2.191538
-0.6544831
-1.44019
-1.832522
-2.903018
-1.638671
-0.7750206
-1.303689
-2.343579
-2.610046
-1.801261
-2.239201
-1.692305
-2.393842
-2.9451
-1.328236
-3.071156
-1.712219
-1.013672
-1.351841
-0.8013393
-2.71261
-3.509921
-3.640867
-2.226469
-2.441306
-1.542424
-1.050584
-0.3090037
-0.06428773
-0.04276174
-0.9644252
-1.800323
-3.032145
-3.457804
-2.172575
-1.012363
-1.588149
-1.863041
-2.079992
-1.262795
-1.785874
-2.422561
-1.164583
-0.8855347
-0.756241
-0.746013
-0.01968312
-0.1013375
-0.8899462
-0.2783803
-0.7755314
-0.3569688
-2.047906
-3.377234
-1.417401
-2.727693
-2.995246
-0.6677288
-0.185184
-1.43009
-2.509866
-0.6835036
-0.422173
-0.6803966
-0.4695356
-0.8367289
-1.802061
-0.9815504
-1.402478
-2.051006
-0.7798042
-0.9247648
-0.897642
-1.597864
-0.4871587
-0.8565709
-1.402649
-0.9699408
-0.7487602
-2.289958
-1.041361
-2.112601
-2.81242
-3.136006
-2.611736
-1.402996
-0.4705535
0.449683
0.6108029
-1.313873
-2.255368
-1.860509
-2.663783
-3.338945
-3.232656
-1.562875
-1.57549
-0.8498821
-1.255574
-1.644813
-2.719798
-1.986843
-2.079665
-0.9617914
0.107183
0.008534586
-0.08916311
0.8231611
-0.6748033
-0.8475947
-0.4749423
-1.187838
-1.699094
-2.788785
-1.954425
-0.7802124
-0.9468609
-1.696856
-0.4618958
-0.8606419
-2.522754
-2.794745
-3.834137
-3.439623
-1.32873
-1.374145
-2.281211
-2.267791
-2.054551
-2.673947
-2.813315
-2.40944
-1.721057
-4.034078
-2.315751
-0.7595696
-0.8771019
-1.128083
-1.877007
-2.397336
-2.747597
-2.980899
-2.355524
-3.120434
-1.817069
-0.8457239
-0.9941311
-1.965441
-1.444719
-1.378764
-1.665625
-1.69405
-1.847797
-0.4138327
-1.416899
-1.675956
-1.998823
-1.074255
-0.5146405
-0.9630552
-2.392545
-2.048646
-2.415376
-2.183241
-3.512305
-2.716044
-0.6458892
-0.7188808
-0.3368985
-0.2778849
-0.8437514
-0.5338902
-0.00569272
-2.426341
-1.267648
-1.215138
-0.5748001
-0.5743105
-1.553356
0.25476
0.4146876
-0.08049997
-0.4709099
-0.7307294
-1.613186
-1.807546
-1.602754
-1.325188
-0.7733467
-0.4673679
0.05407803
-2.358841
-1.153453
-1.152223
-1.062986
-1.761524
-1.945468
-2.074898
-2.434253
-2.114081
-2.502854
-2.106405
-0.9778444
-2.307645
-2.338852
-3.43817
-1.102591
-0.8112066
