73.64496
46.6911
53.34773
48.2798
51.38716
27.90239
41.82174
28.94319
22.35426
30.34351
25.36216
27.08244
26.10158
17.44193
19.22337
17.71688
14.06278
11.31259
10.95855
14.85619
13.8476
15.37763
11.07068
12.45149
10.72135
11.74548
11.32274
14.60766
12.2502
13.49185
12.69271
12.25383
10.32035
11.24083
10.7825
10.65411
11.32722
11.22717
9.349421
9.838621
7.936077
10.3609
7.622322
12.15451
10.22817
10.91548
13.45045
15.44807
15.30448
13.07172
12.934
12.43462
15.86053
12.14514
11.02633
8.189259
7.775792
11.40452
9.85474
8.126732
10.61684
11.87453
10.01733
9.554942
9.60847
8.52263
6.637322
8.254942
7.267897
10.82307
12.25762
8.791527
8.656606
10.13644
7.88791
12.84356
12.42859
12.73026
14.19957
11.86355
10.40683
10.38443
11.66284
12.6748
13.8837
16.63938
10.9377
10.76895
11.51017
14.77779
9.835623
9.667575
13.12481
12.51959
14.00796
12.87669
13.0033
10.11233
9.923416
14.52997
8.758285
9.996527
12.04485
14.35202
11.12868
15.84099
15.0423
15.79267
14.32986
14.26377
15.24924
12.20733
18.97477
13.23752
9.010024
7.835866
8.582758
10.51538
8.099824
8.669922
9.173664
10.0403
8.549011
6.639079
6.923838
6.85036
7.609499
8.68863
7.470232
7.654359
10.59402
10.85561
9.289147
10.2426
12.4328
11.8257
9.154685
10.50952
8.630061
10.14316
8.322741
8.96839
7.566867
8.488596
8.47816
13.21766
9.104479
12.44006
11.20449
9.393158
7.581199
7.371221
9.511771
11.28006
8.444763
10.05572
8.872168
10.46693
9.644451
10.23262
9.490406
10.69148
7.951912
12.43194
13.78301
14.15124
11.69313
10.4609
8.461725
11.46824
10.51361
8.680631
9.112761
16.39078
10.87425
10.41554
11.49532
12.1215
13.51508
13.19839
15.81168
14.40554
9.714216
9.266064
8.716894
8.21137
7.047237
7.013472
9.91914
7.649025
8.617021
8.064077
12.47275
12.53068
13.03504
11.88597
13.24455
10.36164
12.465
8.864322
9.217214
10.94305
8.529197
11.01247
10.55362
12.65
11.35453
11.00211
11.66219
10.27108
10.55392
11.21992
11.93432
8.499488
8.571725
9.75383
10.02366
9.119162
7.415078
10.18425
7.565271
9.233693
11.70318
14.11462
9.382536
7.106998
5.890859
7.267388
9.847074
7.295799
7.607605
6.5748
10.06733
8.432272
8.26525
8.977396
11.87557
10.69625
12.90619
11.74628
15.05685
11.85317
12.20748
13.55813
11.3201
11.00225
8.842396
6.975118
5.834403
7.838268
8.021301
10.19001
11.21832
8.874562
12.81935
10.48019
8.787848
9.566885
9.270881
10.74836
11.99742
9.910707
9.423876
9.964717
10.08147
10.05254
8.893148
7.831978
8.709413
9.063042
10.6632
9.10802
10.27192
8.267462
10.27693
8.359356
9.883132
8.504675
14.31255
9.240185
9.936468
10.78335
14.3642
15.4267
11.84157
11.87829
10.6167
11.805
9.583689
8.107152
5.358218
5.953532
5.943081
9.905552
7.936468
7.000154
7.331698
6.012937
6.450741
10.94767
11.61724
7.227755
11.60406
10.14185
12.71553
10.95867
8.062204
8.293572
8.448702
6.797734
7.540658
8.562715
10.39751
7.312174
7.469107
7.884324
7.311547
7.739032
11.46863
12.44455
12.01983
11.52525
9.264664
9.623553
12.41665
10.79444
12.36284
8.896628
10.78267
10.85112
12.94223
14.94243
9.250589
10.79234
12.76384
14.53201
14.39422
15.26585
10.93196
11.96762
14.04848
12.00711
12.62629
10.40685
10.14626
10.3957
11.85398
14.11191
9.220503
9.906451
8.137568
8.843924
12.31619
10.84284
12.48395
9.860204
10.63855
8.591589
9.0954
15.40995
13.35003
14.15832
10.98113
10.56148
8.939796
10.25604
9.869049
8.606283
11.67353
12.60884
10.81467
14.50841
13.48177
15.31271
16.56645
14.21574
14.5423
14.06816
17.55832
13.02952
16.28477
16.89445
16.37689
17.62768
18.95378
17.858
15.83989
17.42324
10.74389
10.00184
13.84437
10.48921
9.289556
8.595636
8.934292
11.43705
13.89655
14.23017
14.06973
10.52037
9.594163
8.624402
9.708146
10.67604
12.14956
11.49934
12.45063
13.73915
9.593985
12.57172
10.39375
10.55423
16.89104
10.47451
14.58894
10.7569
13.99881
15.20302
10.21918
13.31762
10.41372
10.78045
8.962637
12.48654
14.83174
10.34343
9.224832
9.536443
9.207771
9.333393
9.182422
9.651396
7.966472
7.252392
8.016657
8.781676
9.221303
11.2751
9.71865
16.37821
10.96383
10.46311
11.62185
8.652223
8.726725
9.855495
11.45783
12.17931
14.06959
15.69735
20.19379
20.12893
12.17237
12.43113
11.8674
13.04259
9.856603
10.8727
8.551873
11.41151
10.99164
11.55223
9.448121
11.8696
8.926187
6.785456
6.601475
8.345522
9.470787
9.476724
7.60193
7.087067
9.721381
10.33392
9.829257
8.669549
7.607986
8.628009
11.41244
9.793658
11.81855
9.07005
9.502725
11.33402
11.58599
10.3742
16.01199
12.76565
18.12115
17.36211
12.73621
9.701871
10.27529
11.94936
13.93276
16.00349
14.67846
11.55974
11.49321
13.40182
12.21467
8.220969
9.654551
12.2773
11.58763
12.02005
9.794189
11.01912
14.77668
16.91315
19.58018
21.97081
13.78147
12.84783
19.35452
11.94265
16.88885
18.86567
19.53918
17.81807
19.14602
21.60549
20.93743
25.60124
15.69349
12.35167
12.0704
13.49052
12.30378
14.55202
18.79296
16.19636
11.97072
11.29621
10.80199
10.94564
9.78924
11.91848
14.269
15.41214
13.33645
14.92256
10.80168
7.014194
7.555666
8.190169
9.070868
6.806622
7.979658
11.01705
12.27897
14.14144
17.24835
11.4174
11.96257
10.45135
11.44065
12.62266
10.78107
11.01417
11.92354
11.25331
11.6039
15.8626
16.7746
14.65321
11.70896
8.545997
9.62706
15.24525
15.65556
14.86207
15.72321
16.75959
12.69801
16.07379
15.95783
11.84214
15.52834
11.35489
17.07354
19.93859
22.39258
16.29066
20.73624
13.37126
14.1986
14.55344
12.80223
11.10179
11.27318
10.47064
10.96033
14.81019
15.22873
17.72396
13.47369
9.310788
12.96771
21.42316
12.04291
14.7257
11.3295
12.17732
12.26534
10.74937
16.4196
12.95682
13.00036
13.0322
14.84311
18.94314
13.7807
16.15899
12.03547
13.48502
11.69288
9.145159
10.4789
13.02339
9.189914
8.883815
11.76994
9.390572
8.095059
7.122517
7.751902
6.52999
6.484183
8.596866
8.718473
12.13208
13.30526
11.25387
11.46272
10.29983
12.64431
12.09218
7.262551
6.888659
7.543503
7.663477
8.9382
8.516921
8.9992
10.73067
12.51724
9.874566
9.251462
11.18231
10.72128
13.31832
12.31164
9.923332
11.37563
10.62317
10.12379
9.15293
10.58064
7.927724
8.409654
8.463801
11.94343
13.89688
11.11488
15.14325
15.66577
10.60143
11.51029
14.45418
13.81599
14.72752
19.65076
11.88762
11.4573
12.75545
10.57416
12.14998
10.65131
13.29263
11.3287
10.47639
12.25789
16.4724
16.76757
12.77086
16.85033
16.11302
12.78519
15.52252
11.74558
9.212385
9.122618
17.0299
13.55539
18.26528
21.6839
16.52353
14.20997
11.11116
13.61355
14.91685
9.883692
10.17863
10.34538
9.086113
7.185342
6.60675
9.466024
8.148679
6.591787
7.927248
7.963338
10.99564
11.83888
10.76757
10.07911
12.02519
11.22681
12.9268
9.944413
11.6678
14.24852
15.86311
13.62069
19.47746
19.0667
12.69015
14.47907
17.89008
17.55013
13.69067
14.12729
12.44745
11.4968
11.06681
10.44622
11.07454
7.893294
12.15627
10.51204
9.68244
10.49077
10.24928
8.952215
10.10499
11.95666
10.67213
15.58072
11.18739
13.03656
11.59381
9.130945
13.82795
13.28628
13.69061
12.85277
11.41136
10.49857
10.32095
9.35119
12.27691
12.51661
18.90795
14.57732
11.01455
6.84565
7.409607
8.692965
6.224503
5.371968
7.442394
8.558766
11.55754
8.982886
8.499066
8.724904
11.46518
11.88093
9.585781
13.0051
11.20088
16.03349
13.31228
9.730377
8.900699
9.634809
11.22757
10.57482
8.740905
7.906816
11.35538
11.13315
14.80912
14.96936
7.893001
8.996102
8.408125
8.743907
9.132712
11.58487
9.987354
13.41405
12.13972
12.87633
10.65413
13.52644
13.45564
13.73963
15.46759
19.91178
17.22708
10.8595
14.8505
16.47273
11.06935
14.24996
12.77766
10.74153
11.95007
14.78317
12.18966
9.98676
9.30169
9.138649
6.286377
8.887399
7.651105
9.268705
11.00503
8.163533
8.309337
9.304539
8.392629
7.865158
12.65013
10.48049
8.853817
11.17785
9.975038
13.90451
12.64809
11.6508
12.03175
9.209502
10.10743
11.0723
8.569717
11.25457
13.18975
9.377579
8.33578
8.115817
8.423451
11.00688
8.548465
8.210041
9.90678
7.500022
8.101092
6.52933
7.449551
7.400746
8.367054
13.45367
12.1043
13.69682
14.52666
15.40462
10.448
10.3012
13.99759
11.38454
10.22764
11.76081
10.30149
9.808831
10.79534
10.64511
8.29257
5.747551
8.069915
9.23802
8.245021
9.790725
11.09689
15.20385
12.74416
11.22856
11.01311
8.22603
8.014811
7.331833
9.902171
9.329668
8.787481
11.77693
11.06801
12.56994
8.684203
9.007271
8.303952
8.230367
8.030058
8.634358
8.099501
8.022507
8.544334
9.429793
10.39756
9.460714
9.094568
9.270979
11.0197
8.440947
11.14539
10.25743
9.336548
12.27879
12.29413
9.855916
11.02576
11.29696
12.11121
12.10859
13.15212
10.36364
8.880925
8.543997
10.62802
9.069182
9.898601
13.29396
10.27209
10.63145
10.15754
10.71037
8.294588
11.14586
12.94733
12.30377
10.65554
12.88046
13.52995
11.36868
13.26755
7.082704
9.475936
10.76339
9.550109
8.513394
9.757023
11.21642
10.60358
9.440805
9.027082
8.418199
9.111385
7.667108
7.850302
7.454899
8.179139
8.111581
9.148324
8.617675
8.883977
12.41598
15.13517
15.15205
13.88156
14.64621
13.46232
11.89411
11.82675
10.73265
9.921833
12.60834
11.38349
11.45743
9.575586
12.00543
9.18569
9.560939
10.29086
9.994521
12.58455
16.10145
10.90824
11.6449
14.50364
17.31794
14.32516
14.61979
18.27094
15.50162
16.64012
12.28423
13.36425
13.42814
10.5357
11.58862
11.4348
9.737405
11.1618
10.70009
8.612936
9.048074
8.772997
9.030346
7.744189
8.663344
8.732577
6.661549
7.819695
10.41718
11.7688
12.67831
16.34608
13.07563
13.86182
10.73288
10.17908
11.41892
9.974731
11.33387
9.892071
12.53078
13.02035
12.77902
13.80448
11.9174
7.804365
9.812041
11.95023
13.477
12.20467
9.749513
7.674914
6.818803
6.468988
6.758317
9.010417
8.397649
10.15482
11.15564
11.69233
11.82724
13.59016
9.118262
9.474685
11.17421
10.88878
10.05121
11.02006
9.886617
9.077744
10.54751
10.34074
11.93539
8.674311
8.183557
9.426214
8.945002
7.426517
8.499565
9.068359
9.261544
11.15033
12.97987
10.78393
11.17933
11.8204
13.35941
16.14828
15.55627
15.13858
10.80553
10.98541
11.95585
15.74729
13.28946
13.73152
16.45317
14.97534
11.78524
13.03468
10.13478
9.246442
8.928866
8.815381
14.28013
10.73403
11.45138
10.59699
11.51622
8.977357
6.735439
9.330191
9.472331
9.791007
9.157941
8.362085
6.632332
5.188733
7.563049
9.722983
8.786074
10.57761
9.308447
8.863564
9.794219
9.310039
13.09998
11.20687
10.89011
10.64672
9.06915
8.719827
9.855389
9.688436
7.942612
9.203689
9.23244
8.326
12.08985
17.26839
15.48589
12.67268
12.18612
11.94521
14.55703
13.43357
10.22516
11.05982
13.44763
9.535349
11.1487
7.702554
15.17264
14.9034
10.80528
8.702207
12.08323
14.10696
11.23685
9.434538
8.860192
8.493549
9.873472
12.41788
15.19783
13.40748
11.35248
10.6928
10.52754
10.12014
9.32066
9.773753
9.136329
8.098504
9.262351
7.510781
6.568066
10.18526
11.39913
10.93398
11.09151
12.4115
14.80461
16.69259
10.9503
13.42666
12.30644
9.333162
11.56156
11.57235
10.86261
15.57271
14.95174
11.45549
12.03479
9.575964
11.4211
9.181287
10.00199
13.4747
15.35845
10.97951
14.83193
14.32079
12.24404
16.59624
12.52807
15.0543
17.18496
11.64169
14.64931
12.5004
11.23984
13.69258
17.97976
22.40496
16.48647
18.78584
17.0432
14.44753
12.68857
10.21209
14.05077
11.80619
9.556423
9.756622
13.97394
13.58376
13.53113
9.123304
10.43597
13.09906
12.35329
16.44764
16.13662
12.26221
10.01928
13.97574
15.94686
18.1507
15.27396
14.80758
17.57217
14.74117
12.56372
17.89143
17.65163
12.52191
15.00861
10.67912
8.966385
9.560885
9.20404
10.07269
9.698158
9.779585
8.901874
8.700088
8.73529
11.27454
10.04071
12.15406
9.237679
10.85051
11.40915
8.319455
9.446045
12.39371
11.03929
8.294907
10.06062
7.940108
9.723139
8.133642
9.214206
9.108221
7.316755
10.92962
12.32439
12.704
11.44151
10.78834
8.879867
8.193384
10.00062
12.24079
11.31713
14.16547
11.0071
16.49875
13.11014
11.81062
9.453914
10.33837
9.577783
7.633595
10.26533
6.644336
8.119365
8.705673
11.33073
10.59786
13.46019
8.958196
8.310561
9.9174
10.75916
7.427692
8.362422
9.268909
11.35452
8.611465
8.58947
9.011947
12.16222
15.39756
17.12584
12.57516
9.594625
13.38537
14.47116
13.50394
13.56221
13.37856
11.97856
15.59595
14.6721
15.64067
15.32651
15.26444
9.937225
8.336549
7.551904
11.29957
10.63518
12.56492
21.30344
12.93733
12.30644
17.88513
10.42455
14.34194
21.01276
16.41739
14.14557
19.59969
16.56023
12.96766
11.92124
11.66524
12.23165
12.8253
10.48455
8.705426
11.63582
9.127149
11.64855
10.031
9.755267
12.5931
11.482
13.80757
15.08179
15.03347
15.40331
13.2198
15.08334
10.02918
11.1513
11.9143
10.49089
11.40764
10.64607
14.23624
14.05721
14.98155
13.51136
11.94557
10.60256
10.36951
10.89779
10.6618
9.794526
10.50011
10.54761
8.207837
8.10151
7.544592
9.428756
7.910431
8.755724
10.22543
11.39461
12.28418
10.66961
9.160279
9.210904
11.41049
12.71312
11.45079
13.71515
11.77145
8.918579
14.03398
9.015209
10.06761
8.342509
8.976172
9.135356
11.87238
10.40154
10.71983
9.118412
10.80851
9.032605
7.874602
8.616605
11.52551
12.84849
12.0401
13.6209
14.62119
17.01186
16.68607
14.94474
17.86088
11.28685
11.65769
10.11005
8.677017
9.485128
8.906278
11.7649
9.055344
8.091397
8.537516
14.11658
9.105591
10.05648
10.79148
10.85472
6.665193
10.81777
10.04316
9.915037
9.65352
11.58758
11.54648
12.74097
10.82826
13.93721
13.18956
11.95352
10.11968
12.16173
10.60583
7.411253
8.325692
11.40842
7.525804
8.832051
7.303855
7.36474
8.187088
7.200393
6.821547
6.34061
8.281011
11.03695
9.181687
8.74384
7.021591
7.95741
8.628117
8.845274
9.938738
8.556857
9.091145
9.914852
9.806515
10.16712
8.367971
8.532431
10.2464
12.18029
11.91513
13.16601
14.27556
14.93472
12.85728
14.31541
13.50672
11.15054
8.53669
10.64429
9.477745
11.8477
12.25236
13.66816
13.33223
9.62512
10.07834
8.329001
9.53091
9.031781
8.901198
8.282446
7.73565
12.02894
15.86775
12.60168
12.85059
11.11526
9.147462
10.26754
14.26614
8.176065
11.50084
11.75016
10.30046
8.061783
13.68416
12.12202
10.51496
8.358428
10.14649
8.933819
10.2584
10.65173
8.758491
10.68626
6.006915
6.879597
10.89314
8.912352
11.93733
10.01169
10.93197
12.93676
11.79434
14.93131
11.46619
11.70658
12.89757
18.58232
15.36935
12.85388
13.09397
14.18452
12.1911
10.32173
9.391858
7.255291
8.166448
11.42731
13.12025
13.85152
12.00516
12.97242
13.67619
9.803584
13.10484
10.22566
12.04336
12.33026
21.54596
23.7175
12.2817
13.95748
16.19004
22.27305
12.96723
13.82485
13.25959
13.26219
11.70735
11.78333
12.67537
13.278
11.98566
16.95396
12.14193
12.56104
9.889494
11.3979
16.22174
11.66946
12.37449
12.42727
12.71596
13.32186
15.00617
15.03024
11.63463
11.18127
12.92863
11.07308
11.81898
11.10803
15.01764
12.29696
11.17641
9.212759
8.459906
11.40206
8.829025
9.786233
12.32409
10.71194
15.62982
10.46783
12.06566
16.146
15.55556
17.40988
15.12968
12.8924
12.44217
14.35659
9.791204
7.141027
9.788221
10.38521
12.50862
10.84003
16.71482
15.37935
9.384638
11.29903
10.95901
9.56185
13.40059
10.06557
9.584047
8.349353
10.65882
8.63148
8.857425
9.538334
8.820432
8.250303
8.904429
10.34625
8.696413
10.25171
9.824523
12.4608
8.95043
10.48204
11.35913
9.733485
17.23409
9.625467
13.31768
13.30158
12.41027
12.5542
7.926787
6.92689
7.884221
8.003263
8.042553
8.252941
9.324437
11.35815
12.52663
12.87703
12.29025
10.40297
11.68998
11.17489
10.32097
13.13683
13.79448
16.88375
18.01976
18.50845
17.73798
16.42469
13.16759
14.2414
18.54749
15.13762
19.34389
18.90648
17.83842
20.70933
18.18502
12.87403
12.86778
13.61234
12.68224
10.81406
16.94781
15.40691
10.52749
13.36464
9.920267
9.845493
7.974239
8.17419
8.955335
9.763232
8.037355
6.857225
8.695751
11.38399
7.13774
7.790528
8.871746
9.263568
10.00337
10.22735
12.08667
10.34316
11.76328
11.13117
9.720047
12.91626
13.42085
11.45432
10.61839
11.0759
9.57075
11.53596
10.35018
12.86072
11.72236
10.06378
12.48107
15.64947
13.06239
13.60932
11.36183
16.59071
10.17742
11.23373
11.90254
10.84819
11.89572
10.64577
13.99066
8.86931
9.001708
11.40281
9.906061
9.352562
11.42185
10.22129
12.08059
9.911304
9.283409
8.290473
7.582067
9.667258
11.27473
12.37871
8.86287
7.200121
7.792924
9.890773
7.211314
7.883186
8.493388
10.51828
8.710184
11.32219
9.683311
13.471
12.66122
17.69805
14.98484
16.90523
16.42503
18.76772
16.1795
25.41693
15.71872
13.63943
16.08735
10.94458
11.71057
7.700653
10.91465
8.47867
9.453072
11.51696
12.05441
11.21363
12.26579
13.40309
11.39188
14.35491
13.43522
14.81215
12.53828
15.52467
9.654664
9.843286
12.40261
13.5296
12.99663
13.68162
13.84935
17.27855
11.93046
12.12655
17.08305
12.15091
10.53164
9.22811
11.43044
10.96972
10.82404
11.6399
9.50854
10.51987
11.4391
14.75769
10.14068
13.73544
23.11159
24.56852
20.58164
21.77199
14.97617
20.50828
20.13151
16.47653
17.39138
17.77538
13.51472
14.95869
15.41347
12.27257
12.3461
12.29424
10.84873
10.16328
10.36251
7.861838
7.263457
6.390234
7.643633
8.404347
6.988179
7.102662
7.006647
6.925227
9.774268
11.57941
8.559933
6.858466
8.628371
7.545661
11.04362
9.595354
6.941751
7.337361
9.031625
14.22391
10.38132
11.15077
10.84439
6.774536
6.611222
6.129228
10.40301
7.946582
11.63838
11.00744
11.12241
8.550572
11.52447
8.54913
10.85829
9.793328
8.083694
9.248758
10.28897
6.778667
6.920708
7.401483
8.663651
8.580858
8.790292
11.39263
13.70688
10.39306
7.978092
7.826186
9.088465
9.438806
12.01749
9.715493
12.68937
13.84817
14.19612
15.14839
17.32993
16.58274
14.69604
18.69999
11.18816
13.07683
10.35588
14.06768
17.59663
18.93782
10.22343
9.895346
7.331136
7.372522
9.238751
7.126836
7.602225
12.47858
10.67745
12.0548
12.29359
10.84406
8.407081
10.11686
8.231062
10.49235
8.824198
8.169951
11.05965
10.25014
10.63216
8.446924
9.11043
9.981172
12.92109
16.07884
13.98991
13.27372
13.31254
10.27014
13.25224
9.644363
7.3349
11.17164
9.297848
8.089341
7.817751
7.570353
7.3485
8.985689
9.066692
8.283302
9.76219
10.47626
14.43035
17.3068
19.78193
16.01375
16.13151
13.41727
12.22101
12.0643
12.92621
12.82627
13.0849
11.28424
9.889643
10.63191
9.63497
7.724108
8.197128
10.23379
15.08158
17.43078
16.74344
15.21422
16.51964
13.1055
12.72074
15.94785
14.523
11.3531
10.92925
9.776489
10.88778
12.208
12.14164
14.33289
15.50927
12.37213
13.92556
10.93223
10.576
9.273092
11.57293
11.34684
8.622461
10.27412
7.114231
7.935353
10.15468
11
9.542929
6.037238
7.491331
9.101598
9.369847
13.31337
14.72801
18.61997
13.86515
14.85518
14.01789
10.37126
10.64235
12.3725
11.29308
11.25275
10.87861
10.27694
10.66125
10.35259
9.491702
18.00727
13.48062
10.634
13.05518
10.73411
10.88492
9.416556
7.831939
12.74912
12.49301
8.212553
8.206769
7.507153
7.874604
7.732212
7.132788
7.605204
7.579786
7.337318
9.222594
7.5899
6.76387
8.955269
7.286281
8.717791
9.467756
10.53428
10.54385
7.627859
7.956379
8.287341
9.52678
11.50875
10.59754
9.946199
10.76605
8.618588
9.953015
15.55624
9.575745
8.299623
11.217
9.412448
10.91315
9.243783
9.540727
10.24101
12.89142
9.809878
8.514879
11.5516
10.09868
10.8662
11.06263
7.565977
6.826781
9.684743
9.812712
12.57262
9.39756
9.465943
10.2669
8.812157
8.581486
8.648952
6.863855
8.17198
8.502092
9.39989
6.501186
7.578723
11.35737
12.01812
10.13418
10.76683
10.14004
9.013764
10.30511
13.91429
10.78862
10.08913
13.13778
12.91208
17.41005
12.1768
10.89013
11.50401
13.48612
11.54813
8.604787
12.74791
10.66265
9.68497
9.494874
7.402427
7.363646
9.037042
9.801563
10.84203
10.54624
6.298478
9.077578
8.572801
9.053899
9.312161
9.624379
8.09642
10.30298
15.17864
11.6823
10.30205
10.09739
13.41281
12.59685
10.03191
12.08094
12.60051
9.037603
12.88543
9.240437
10.30344
8.308663
7.298376
7.6025
11.02877
14.78989
16.61352
14.99234
14.20504
13.2523
12.25167
11.3808
9.75122
12.31381
9.984451
14.34805
13.38471
15.2578
11.71094
12.71566
9.426019
13.53917
13.27169
11.75378
9.090937
11.28685
11.07771
11.25672
12.2005
8.769018
11.19636
10.59839
11.1977
11.45402
10.61274
16.63869
16.12454
11.16086
12.59172
13.24425
10.6232
12.42466
12.37036
13.88557
13.53355
10.14812
13.34852
10.98223
11.92703
10.03852
15.92406
14.31664
11.57088
10.97687
12.22017
11.70757
7.772347
7.153245
9.496035
8.884749
7.105626
7.627161
7.008163
9.406138
10.07516
7.685106
6.434217
7.094687
7.201125
7.947308
7.586661
8.381026
6.468792
5.818515
7.497996
6.835739
10.53518
11.81454
10.68709
10.55749
8.473259
8.816487
7.42576
7.211127
7.21618
8.475983
9.188137
6.956572
6.251317
8.051533
12.03978
11.35778
8.970879
11.62447
9.977561
10.67446
8.38945
9.313386
11.23559
10.321
12.07723
11.22479
14.78329
8.634682
11.84979
11.11833
8.260195
7.939515
7.833039
8.973088
9.556433
11.07542
10.4632
7.497806
6.557287
8.128915
9.091666
11.60646
9.183981
11.34497
10.21811
11.32669
8.762746
8.900758
9.171444
11.19806
12.31736
11.97108
16.87378
12.60537
13.37899
14.45373
16.63323
14.18719
20.31167
14.30039
15.24481
10.19534
10.2923
10.83932
13.11001
11.03702
11.65872
11.29318
11.84677
10.8822
9.625922
11.08081
8.899049
11.94172
11.01543
10.65529
10.6853
10.67168
9.311167
7.827751
5.80063
9.887609
9.898581
9.065081
7.720291
8.7949
10.47544
7.473728
7.812154
8.142937
10.88938
10.52459
10.68952
8.03298
7.831279
7.664861
7.913754
8.545038
7.534536
9.715873
11.33477
10.10178
13.65741
11.89633
8.499207
13.25992
8.372777
9.498301
12.20998
11.06659
9.376591
9.583077
9.190109
7.508073
11.09379
10.18991
12.33758
9.38842
8.815269
8.056776
11.26645
15.5115
17.55768
11.78723
14.62017
13.79337
16.0565
14.18896
12.73658
10.66177
9.831359
8.814586
15.15146
8.662318
9.5127
11.64376
8.939292
8.32225
12.5088
10.02922
8.793657
10.87293
10.95491
9.210307
8.209294
9.636091
5.10621
6.854917
6.183565
6.422143
6.461726
7.620081
8.851227
9.503089
9.80219
12.73167
7.68351
12.79659
13.16258
11.95241
15.27565
19.29335
17.98402
14.27072
11.97695
15.42234
12.27191
11.67016
14.18945
12.2788
9.841275
13.05843
11.01286
10.32945
15.20598
11.79279
13.93039
12.88511
12.84274
12.21635
13.37772
17.11841
14.73289
13.60572
10.12455
10.41559
9.830417
11.70916
10.95454
9.967263
13.32913
10.3776
7.625956
10.36003
13.10473
8.490767
